会員ID,登録エリア,性別,生まれ年,回答時の年齢,年代,都道府県,会員市町村,世帯年収,UA,回答日時,回答月,回答エリア,回答エリア2,市町村,6分類,DMO,宿泊数（全体）,宿泊数（県内）,宿泊エリア（県内）,宿泊エリア（県外）,同行者,訪問目的ALL,宿でのんびり過ごす,温泉や露天風呂,地元の美味しいものを食べる,花見や紅葉などの自然鑑賞,名所、旧跡の観光,テーマパーク（遊園地、動物園、博物館など）,買い物、アウトレット,お祭りやイベントへの参加・見物,スポーツ観戦や芸能鑑賞（コンサート等）,アウトドア（海水浴、釣り、登山など）,まちあるき、都市散策,各種体験（手作り、果物狩りなど）,スキー・スノボ、マリンスポーツ,その他スポーツ（ゴルフ、テニスなど）,ドライブ・ツーリング,友人・親戚を尋ねる,出張など仕事関係,その他,福井県までの交通手段ALL,自家用車,レンタカー,新幹線,在来線,飛行機,旅行会社ツアーバス,県外から訪れていない（福井県在住）,その他,福井県内での交通手段ALL,自家用車,レンタカー,タクシー,在来線,旅行会社ツアーバス,路線バス,徒歩,レンタサイクル,その他,福井県内での交通手段の満足度,福井県内での交通手段の満足度の理由,宿泊費,交通費,県内消費額,エリア訪問回数,情報収集ALL,観光展・物産展,新聞・雑誌・ガイドブック,TV・ラジオ番組やCM,観光パンフレット・ポスター,観光連盟やDMOのHP,インターネット・アプリ,Twitter,Instagram,Facebook,ブログ,友人・知人,観光協会等の案内所,タクシードライバーや地元の人,宿泊施設,その他,アンケート回答前に訪問した主な場所,アンケート回答前に訪問した主な場所FA,アンケート回答後に訪問する予定の主な場所,アンケート回答前に訪問した主な場所FA,エリア総消費額,満足度(商品・サービス),満足度(商品・サービス)の理由,満足度,満足度の理由,不便さ,不便さの内容,NPS,推奨項目,施設に求めるもの,今後の来訪意向,福井県に求めるもの
144753,福井駅前 エリア（宿泊施設）,女,1983,40,40代,静岡県,御殿場市,300万円以上 400万円未満,mobile/iphone,2023-10-01 23:14:39,10月,福井駅前 エリア（宿泊施設）,02.福井駅前 エリア（宿泊施設）,福井市,福井市・永平寺町,,2泊,2泊,福井エリア（福井市・永平寺町）,福井県外には宿泊しない,自分ひとり,"スポーツ観戦や芸能鑑賞（コンサート等）
",0,0,0,0,0,0,0,0,1,0,0,0,0,0,0,0,0,0,"飛行機
",0,0,0,0,1,0,0,0,"徒歩
",0,0,0,0,0,0,1,0,0,,,"10,000円以上 20,000円未満","10,000円以上 20,000円未満","5,000円以上 10,000円未満",2～5回目,"宿泊施設
",0,0,0,0,0,0,0,0,0,0,0,0,0,1,0,選択なし/該当施設なし,,選択なし/該当施設なし,,"10,000円以上 20,000円未満",とても満足,,とても満足,,感じなかった,,9,,,機会があれば行きたい,
144064,JR美浜駅 エリア,女,1986,37,30代,福井県,敦賀市,分からない/無回答,mobile/android,2023-10-01 22:54:15,10月,若狭海遊バザール 千鳥苑 エリア,78.若狭海遊バザール 千鳥苑 エリア,美浜町,嶺南東部,三方五湖DMO(株),日帰り,福井県内には宿泊しない,福井県内には宿泊しない,福井県外には宿泊しない,自分ひとり,"買い物、アウトレット
",0,0,0,0,0,0,1,0,0,0,0,0,0,0,0,0,0,0,"県外から訪れていない（福井県在住）
",0,0,0,0,0,0,1,0,"自家用車
",1,0,0,0,0,0,0,0,0,どちらでもない,,使わない,"1,000円未満","1,000円未満",11回目以上,"その他
",0,0,0,0,0,0,0,0,0,0,0,0,0,0,会社の同僚,選択なし/該当施設なし,,選択なし/該当施設なし,,"1,000円未満",とても満足,,とても満足,,感じなかった,,9,,梅サイダーを買いました。甘さ控えめでよく冷えていておいしかったです。店内は広々としていてきれいに清掃されていて良かったです。海が近いのでウォーキングも出来て気持ち良かったです。,福井県在住,
144751,道の駅「越前おおの荒島の郷」 エリア,男,1969,54,50代,岐阜県,岐阜市,600万円以上 700万円未満,mobile/iphone,2023-10-01 22:53:25,10月,道の駅「越前おおの荒島の郷」 エリア,22.道の駅「越前おおの荒島の郷」 エリア,大野市,勝山市・大野市,,日帰り,福井県内には宿泊しない,福井県内には宿泊しない,福井県外には宿泊しない,夫婦2人,"温泉や露天風呂
地元の美味しいものを食べる
",0,1,1,0,0,0,0,0,0,0,0,0,0,0,0,0,0,0,"自家用車
",1,0,0,0,0,0,0,0,"自家用車
",1,0,0,0,0,0,0,0,0,,,"10,000円以上 20,000円未満","5,000円以上 10,000円未満","5,000円以上 10,000円未満",6～10回目,"新聞・雑誌・ガイドブック
観光パンフレット・ポスター
観光協会等の案内所
",0,1,0,1,0,0,0,0,0,0,0,1,0,0,0,道の駅「越前」,,選択なし/該当施設なし,,"3,000円以上 5,000円未満",とても満足,品揃えが豊富である,とても満足,食事やショッピングの施設が充実している,感じなかった,,10,"美しい海の景色
海なし県の憧れです。",土産の種類が多く、また近隣地域のお土産もあり、道の繋がりを感じるものでした。,また行きたい（1年以内）,街歩きの情報が豊富にあると嬉しいです。
144119,熊川宿 エリア,女,1975,48,40代,福井県,福井市,300万円以上 400万円未満,mobile/iphone,2023-10-01 22:35:57,10月,越前松島水族館 エリア,11.越前松島水族館 エリア,坂井市,あわら市・坂井市,(一社)DMOさかい観光局,日帰り,福井県内には宿泊しない,福井県内には宿泊しない,福井県外には宿泊しない,恋人,"買い物、アウトレット
",0,0,0,0,0,0,1,0,0,0,0,0,0,0,0,0,0,0,"自家用車
",1,0,0,0,0,0,0,0,"自家用車
",1,0,0,0,0,0,0,0,0,,,"1,000円未満","1,000円未満","1,000円未満",2～5回目,"観光展・物産展
",1,0,0,0,0,0,0,0,0,0,0,0,0,0,0,選択なし/該当施設なし,,選択なし/該当施設なし,,"5,000円以上 10,000円未満",満足,,満足,,感じなかった,,6,,,また行きたい（1年以内）,
144119,熊川宿 エリア,女,1975,48,40代,福井県,福井市,300万円以上 400万円未満,mobile/iphone,2023-10-01 22:35:10,10月,福井駅前 エリア（宿泊施設）,02.福井駅前 エリア（宿泊施設）,福井市,福井市・永平寺町,,日帰り,福井県内には宿泊しない,福井県内には宿泊しない,福井県外には宿泊しない,恋人,"買い物、アウトレット
",0,0,0,0,0,0,1,0,0,0,0,0,0,0,0,0,0,0,"自家用車
",1,0,0,0,0,0,0,0,"自家用車
",1,0,0,0,0,0,0,0,0,満足,,"1,000円未満","1,000円未満","1,000円未満",2～5回目,"観光展・物産展
",1,0,0,0,0,0,0,0,0,0,0,0,0,0,0,選択なし/該当施設なし,,選択なし/該当施設なし,,"1,000円未満",満足,,満足,,感じなかった,,6,,,また行きたい（1年以内）,
144119,熊川宿 エリア,女,1975,48,40代,福井県,福井市,300万円以上 400万円未満,mobile/iphone,2023-10-01 22:34:20,10月,名勝 養浩館庭園 エリア,04.名勝 養浩館庭園 エリア,福井市,福井市・永平寺町,,日帰り,福井県内には宿泊しない,福井県内には宿泊しない,福井県外には宿泊しない,恋人,"買い物、アウトレット
",0,0,0,0,0,0,1,0,0,0,0,0,0,0,0,0,0,0,"自家用車
",1,0,0,0,0,0,0,0,"自家用車
",1,0,0,0,0,0,0,0,0,満足,,"1,000円未満","1,000円未満","1,000円未満",2～5回目,"観光展・物産展
",1,0,0,0,0,0,0,0,0,0,0,0,0,0,0,選択なし/該当施設なし,,選択なし/該当施設なし,,"1,000円未満",満足,,満足,,感じなかった,,6,,,また行きたい（1年以内）,
102779,道の駅「越前おおの荒島の郷」 エリア,男,1982,41,40代,福井県,福井市,400万円以上 500万円未満,mobile/android,2023-10-01 22:30:02,10月,福井駅前 エリア,01.福井駅前 エリア,福井市,福井市・永平寺町,,日帰り,福井県内には宿泊しない,福井県内には宿泊しない,福井県外には宿泊しない,その他家族,"まちあるき、都市散策
",0,0,0,0,0,0,0,0,0,0,1,0,0,0,0,0,0,0,"自家用車
",1,0,0,0,0,0,0,0,"自家用車
",1,0,0,0,0,0,0,0,0,満足,,"1,000円未満","1,000円未満","1,000円未満",11回目以上,"観光パンフレット・ポスター
",0,0,0,1,0,0,0,0,0,0,0,0,0,0,0,選択なし/該当施設なし,,選択なし/該当施設なし,,"1,000円未満",満足,,満足,,感じなかった,,7,,,また行きたい（1年以内）,
102780,道の駅「南えちぜん山海里」 エリア,女,1978,45,40代,福井県,福井市,400万円以上 500万円未満,mobile/android,2023-10-01 22:24:42,10月,福井駅前 エリア,01.福井駅前 エリア,福井市,福井市・永平寺町,,日帰り,福井県内には宿泊しない,福井県内には宿泊しない,福井県外には宿泊しない,小学生以下連れの家族,"お祭りやイベントへの参加・見物
",0,0,0,0,0,0,0,1,0,0,0,0,0,0,0,0,0,0,"自家用車
",1,0,0,0,0,0,0,0,"自家用車
",1,0,0,0,0,0,0,0,0,,,使わない,"1,000円未満","1,000円以上 3,000円未満",11回目以上,"インターネット・アプリ
Instagram
友人・知人
",0,0,0,0,0,1,0,1,0,0,1,0,0,0,0,選択なし/該当施設なし,,選択なし/該当施設なし,,"1,000円以上 3,000円未満",満足,,満足,駐車場がもっとあるといいと思う。,感じなかった,,8,,十分にあると思います。,福井県在住,
144639,道の駅「越前おおの荒島の郷」 エリア,女,1964,59,50代,愛知県,名古屋市西区,200万円以上 300万円未満,mobile/android,2023-10-01 21:38:01,10月,北陸新幹線 越前たけふ駅 エリア,38.北陸新幹線 越前たけふ駅 エリア,越前市,丹南,,1泊,1泊,三国・あわらエリア（あわら市・坂井市）,福井県外には宿泊しない,夫婦2人,"名所、旧跡の観光
",0,0,0,0,1,0,0,0,0,0,0,0,0,0,0,0,0,0,"自家用車
",1,0,0,0,0,0,0,0,"自家用車
",1,0,0,0,0,0,0,0,0,,,"30,000円以上 40,000円未満","5,000円以上 10,000円未満","10,000円以上 20,000円未満",初めて,"インターネット・アプリ
",0,0,0,0,0,1,0,0,0,0,0,0,0,0,0,選択なし/該当施設なし,,選択なし/該当施設なし,,"1,000円未満",満足,,とても満足,,感じなかった,,2,,,機会があれば行きたい,
130332,若州一滴文庫 エリア,女,1967,56,50代,福井県,三方上中郡,分からない/無回答,mobile/android,2023-10-01 21:36:48,10月,道の駅みくに ふれあいパーク三里浜 エリア,15.道の駅みくに ふれあいパーク三里浜 エリア,坂井市,あわら市・坂井市,(一社)DMOさかい観光局,日帰り,福井県内には宿泊しない,福井県内には宿泊しない,福井県外には宿泊しない,親,"ドライブ・ツーリング
",0,0,0,0,0,0,0,0,0,0,0,0,0,0,1,0,0,0,"在来線
",0,0,0,1,0,0,0,0,"自家用車
レンタカー
",1,1,0,0,0,0,0,0,0,とても満足,,使わない,"3,000円以上 5,000円未満","3,000円以上 5,000円未満",初めて,"観光協会等の案内所
",0,0,0,0,0,0,0,0,0,0,0,1,0,0,0,選択なし/該当施設なし,,選択なし/該当施設なし,,"3,000円以上 5,000円未満",とても満足,,とても満足,,感じなかった,,10,,,,
144639,道の駅「越前おおの荒島の郷」 エリア,女,1964,59,50代,愛知県,名古屋市西区,200万円以上 300万円未満,mobile/android,2023-10-01 21:36:21,10月,道の駅「パークイン丹生ヶ丘」 エリア,50.道の駅「パークイン丹生ヶ丘」 エリア,越前町,丹南,一般社団法人 越前町観光連盟,1泊,1泊,三国・あわらエリア（あわら市・坂井市）,福井県外には宿泊しない,夫婦2人,"名所、旧跡の観光
",0,0,0,0,1,0,0,0,0,0,0,0,0,0,0,0,0,0,"自家用車
",1,0,0,0,0,0,0,0,"自家用車
",1,0,0,0,0,0,0,0,0,,,"30,000円以上 40,000円未満","5,000円以上 10,000円未満","10,000円以上 20,000円未満",初めて,"インターネット・アプリ
",0,0,0,0,0,1,0,0,0,0,0,0,0,0,0,選択なし/該当施設なし,,選択なし/該当施設なし,,"1,000円以上 3,000円未満",満足,,満足,,感じなかった,,2,,,機会があれば行きたい,
130332,若州一滴文庫 エリア,女,1967,56,50代,福井県,三方上中郡,分からない/無回答,mobile/android,2023-10-01 21:35:20,10月,道の駅「越前」 エリア,49.道の駅「越前」 エリア,越前町,丹南,一般社団法人 越前町観光連盟,日帰り,福井県内には宿泊しない,福井県内には宿泊しない,福井県外には宿泊しない,親,"ドライブ・ツーリング
",0,0,0,0,0,0,0,0,0,0,0,0,0,0,1,0,0,0,"自家用車
在来線
",1,0,0,1,0,0,0,0,"自家用車
",1,0,0,0,0,0,0,0,0,とても満足,,使わない,"3,000円以上 5,000円未満","3,000円以上 5,000円未満",2～5回目,"観光パンフレット・ポスター
観光協会等の案内所
",0,0,0,1,0,0,0,0,0,0,0,1,0,0,0,道の駅「河野」,,選択なし/該当施設なし,志野製塩所,"1,000円未満",とても満足,,とても満足,,感じなかった,,10,,,,
144639,道の駅「越前おおの荒島の郷」 エリア,女,1964,59,50代,愛知県,名古屋市西区,200万円以上 300万円未満,mobile/android,2023-10-01 21:33:11,10月,道の駅「南えちぜん山海里」 エリア,58.道の駅「南えちぜん山海里」 エリア,南越前町,丹南,,1泊,1泊,三国・あわらエリア（あわら市・坂井市）,福井県外には宿泊しない,夫婦2人,"名所、旧跡の観光
",0,0,0,0,1,0,0,0,0,0,0,0,0,0,0,0,0,0,"自家用車
",1,0,0,0,0,0,0,0,"自家用車
",1,0,0,0,0,0,0,0,0,,,"30,000円以上 40,000円未満","5,000円以上 10,000円未満","10,000円以上 20,000円未満",初めて,"インターネット・アプリ
",0,0,0,0,0,1,0,0,0,0,0,0,0,0,0,岡太神社・大瀧神社,,選択なし/該当施設なし,,"1,000円未満",満足,,満足,,感じなかった,,2,,,機会があれば行きたい,
144749,明通寺 エリア,女,1962,61,60代,福井県,大野市,200万円以上 300万円未満,mobile/iphone,2023-10-01 21:12:37,10月,明通寺 エリア,73.明通寺 エリア,小浜市,嶺南西部,(株)まちづくり小浜,日帰り,福井県内には宿泊しない,福井県内には宿泊しない,福井県外には宿泊しない,友人,"名所、旧跡の観光
",0,0,0,0,1,0,0,0,0,0,0,0,0,0,0,0,0,0,"県外から訪れていない（福井県在住）
",0,0,0,0,0,0,1,0,"自家用車
",1,0,0,0,0,0,0,0,0,,,使わない,"1,000円以上 3,000円未満","5,000円以上 10,000円未満",2～5回目,"TV・ラジオ番組やCM
インターネット・アプリ
Instagram
",0,0,1,0,0,1,0,1,0,0,0,0,0,0,0,選択なし/該当施設なし,,選択なし/該当施設なし,,"1,000円以上 3,000円未満",満足,いちほまれがほしい,どちらでもない,,感じなかった,,10,仏像,,福井県在住,
144622,道の駅「南えちぜん山海里」 エリア,女,1969,54,50代,滋賀県,大津市,400万円以上 500万円未満,mobile/iphone,2023-10-01 21:10:30,10月,道の駅「南えちぜん山海里」 エリア,58.道の駅「南えちぜん山海里」 エリア,南越前町,丹南,,2泊,1泊,福井エリア（福井市・永平寺町）,富山,夫婦2人,"温泉や露天風呂
",0,1,0,0,0,0,0,0,0,0,0,0,0,0,0,0,0,0,"自家用車
",1,0,0,0,0,0,0,0,"自家用車
",1,0,0,0,0,0,0,0,0,,,"5,000円以上 10,000円未満","20,000円以上 30,000円未満","3,000円以上 5,000円未満",初めて,"観光パンフレット・ポスター
",0,0,0,1,0,0,0,0,0,0,0,0,0,0,0,選択なし/該当施設なし,,選択なし/該当施設なし,,"1,000円以上 3,000円未満",満足,,満足,,感じなかった,,8,,"美味しい地元飯を食べることができる
本当に喜ばれるお土産を買うことができる
いつも、これを期待して道の駅によります。",また行きたい（1年以内）,焼き立て熱々の鯖を食べたい。
144639,道の駅「越前おおの荒島の郷」 エリア,女,1964,59,50代,愛知県,名古屋市西区,200万円以上 300万円未満,mobile/android,2023-10-01 21:08:36,10月,名勝 養浩館庭園 エリア,04.名勝 養浩館庭園 エリア,福井市,福井市・永平寺町,,1泊,1泊,三国・あわらエリア（あわら市・坂井市）,福井県外には宿泊しない,夫婦2人,"名所、旧跡の観光
",0,0,0,0,1,0,0,0,0,0,0,0,0,0,0,0,0,0,"自家用車
",1,0,0,0,0,0,0,0,"自家用車
",1,0,0,0,0,0,0,0,0,とても満足,,"30,000円以上 40,000円未満","5,000円以上 10,000円未満","10,000円以上 20,000円未満",初めて,"インターネット・アプリ
",0,0,0,0,0,1,0,0,0,0,0,0,0,0,0,東尋坊,,選択なし/該当施設なし,,"3,000円以上 5,000円未満",とても満足,,とても満足,,感じなかった,,10,,,機会があれば行きたい,
144748,道の駅「越前おおの荒島の郷」 エリア,女,1972,51,50代,富山県,南砺市,600万円以上 700万円未満,mobile/iphone,2023-10-01 21:06:29,10月,道の駅「越前おおの荒島の郷」 エリア,22.道の駅「越前おおの荒島の郷」 エリア,大野市,勝山市・大野市,,日帰り,福井県内には宿泊しない,福井県内には宿泊しない,福井県外には宿泊しない,その他家族,"地元の美味しいものを食べる
ドライブ・ツーリング
",0,0,1,0,0,0,0,0,0,0,0,0,0,0,1,0,0,0,"自家用車
",1,0,0,0,0,0,0,0,"自家用車
",1,0,0,0,0,0,0,0,0,,,使わない,"5,000円以上 10,000円未満","10,000円以上 20,000円未満",初めて,"その他
",0,0,0,0,0,0,0,0,0,0,0,0,0,0,道路にある看板,選択なし/該当施設なし,ヴィオ　伊藤順和堂,道の駅「恐竜渓谷かつやま」,,"1,000円以上 3,000円未満",とても満足,お土産も充実してたしフードコートの食事も美味しかった！サービスカウンターのガムも役に立ちました！！,満足,綺麗でとても良かった！,感じなかった,,10,勝山城　ミルク茶屋,"福井らしい食事とお土産。
芋きんつばもあれば大満足。",また行きたい（1年以内）,次は温泉で泊まってゆっくり福井を満喫したい！
142914,web,男,1962,61,60代,愛知県,名古屋市西区,100万円未満,mobile/iphone,2023-10-01 21:00:47,10月,名勝 養浩館庭園 エリア,04.名勝 養浩館庭園 エリア,福井市,福井市・永平寺町,,1泊,1泊,越前エリア（越前市・越前町・鯖江市・池田町・南越前町）,福井県外には宿泊しない,夫婦2人,"名所、旧跡の観光
",0,0,0,0,1,0,0,0,0,0,0,0,0,0,0,0,0,0,"自家用車
",1,0,0,0,0,0,0,0,"自家用車
",1,0,0,0,0,0,0,0,0,とても満足,,"30,000円以上 40,000円未満","3,000円以上 5,000円未満","3,000円以上 5,000円未満",初めて,"インターネット・アプリ
",0,0,0,0,0,1,0,0,0,0,0,0,0,0,0,東尋坊,,岡太神社・大瀧神社,,"3,000円以上 5,000円未満",とても満足,,とても満足,,感じなかった,,10,,,また行きたい（1年以内）,
142914,web,男,1962,61,60代,愛知県,名古屋市西区,100万円未満,mobile/iphone,2023-10-01 20:39:32,10月,道の駅「越前おおの荒島の郷」 エリア,22.道の駅「越前おおの荒島の郷」 エリア,大野市,勝山市・大野市,,1泊,1泊,越前エリア（越前市・越前町・鯖江市・池田町・南越前町）,福井県外には宿泊しない,夫婦2人,"名所、旧跡の観光
",0,0,0,0,1,0,0,0,0,0,0,0,0,0,0,0,0,0,"自家用車
",1,0,0,0,0,0,0,0,"自家用車
",1,0,0,0,0,0,0,0,0,とても満足,施設は広くバームクーヘンも美味しく、土産の数も豊富で見るだけでも楽しめる道の駅でした。,"30,000円以上 40,000円未満","3,000円以上 5,000円未満","3,000円以上 5,000円未満",初めて,"インターネット・アプリ
",0,0,0,0,0,1,0,0,0,0,0,0,0,0,0,選択なし/該当施設なし,,野外恐竜博物館,,"3,000円以上 5,000円未満",とても満足,,とても満足,,感じなかった,,10,,,また行きたい（1年以内）,
142914,web,男,1962,61,60代,愛知県,名古屋市西区,100万円未満,mobile/iphone,2023-10-01 20:35:10,10月,道の駅「パークイン丹生ヶ丘」 エリア,50.道の駅「パークイン丹生ヶ丘」 エリア,越前町,丹南,一般社団法人 越前町観光連盟,1泊,1泊,越前エリア（越前市・越前町・鯖江市・池田町・南越前町）,福井県外には宿泊しない,夫婦2人,"名所、旧跡の観光
",0,0,0,0,1,0,0,0,0,0,0,0,0,0,0,0,0,0,"自家用車
",1,0,0,0,0,0,0,0,"自家用車
",1,0,0,0,0,0,0,0,0,とても満足,越前塩ラーメンは美味しかった,"30,000円以上 40,000円未満","3,000円以上 5,000円未満","3,000円以上 5,000円未満",初めて,"インターネット・アプリ
",0,0,0,0,0,1,0,0,0,0,0,0,0,0,0,東尋坊,,選択なし/該当施設なし,,"1,000円以上 3,000円未満",とても満足,,とても満足,,感じなかった,,10,,,また行きたい（1年以内）,
142914,web,男,1962,61,60代,愛知県,名古屋市西区,100万円未満,mobile/iphone,2023-10-01 20:32:39,10月,北陸新幹線 越前たけふ駅 エリア,38.北陸新幹線 越前たけふ駅 エリア,越前市,丹南,,1泊,1泊,越前エリア（越前市・越前町・鯖江市・池田町・南越前町）,福井県外には宿泊しない,夫婦2人,"名所、旧跡の観光
",0,0,0,0,1,0,0,0,0,0,0,0,0,0,0,0,0,0,"自家用車
",1,0,0,0,0,0,0,0,"自家用車
",1,0,0,0,0,0,0,0,0,とても満足,新鮮な海鮮土産が沢山あっていい,"30,000円以上 40,000円未満","3,000円以上 5,000円未満","3,000円以上 5,000円未満",初めて,"インターネット・アプリ
",0,0,0,0,0,1,0,0,0,0,0,0,0,0,0,岡太神社・大瀧神社,,選択なし/該当施設なし,,"1,000円以上 3,000円未満",とても満足,,とても満足,,感じなかった,,10,,,また行きたい（1年以内）,
141033,東尋坊 エリア,女,1973,50,50代,兵庫県,西宮市,300万円以上 400万円未満,mobile/iphone,2023-10-01 19:53:48,10月,大本山 永平寺 エリア,34.大本山 永平寺 エリア,永平寺町,福井市・永平寺町,,1泊,福井県内には宿泊しない,福井県内には宿泊しない,石川県金沢市,その他家族,"名所、旧跡の観光
",0,0,0,0,1,0,0,0,0,0,0,0,0,0,0,0,0,0,"自家用車
",1,0,0,0,0,0,0,0,"自家用車
",1,0,0,0,0,0,0,0,0,,,使わない,"20,000円以上 30,000円未満","3,000円以上 5,000円未満",2～5回目,"インターネット・アプリ
",0,0,0,0,0,1,0,0,0,0,0,0,0,0,0,一乗谷朝倉氏遺跡,,日本海さかな街,,"1,000円以上 3,000円未満",とても満足,ランチが美味しかった,とても満足,永平寺が、よかった,感じなかった,,10,永平寺よかったから,美味しかった,また行きたい（1年以内）,
144128,道の駅「越前」 エリア,女,1953,70,70代,福井県,福井市,100万円以上 200万円未満,mobile/iphone,2023-10-01 19:41:20,10月,越前海岸 越前岬 エリア,53.越前海岸 越前岬 エリア,越前町,丹南,一般社団法人 越前町観光連盟,日帰り,福井県内には宿泊しない,福井県内には宿泊しない,福井県外には宿泊しない,恋人,"ドライブ・ツーリング
",0,0,0,0,0,0,0,0,0,0,0,0,0,0,1,0,0,0,"県外から訪れていない（福井県在住）
",0,0,0,0,0,0,1,0,"自家用車
",1,0,0,0,0,0,0,0,0,とても満足,天気も良く、海も綺麗だった,使わない,"1,000円未満","1,000円以上 3,000円未満",11回目以上,"その他
",0,0,0,0,0,0,0,0,0,0,0,0,0,0,特別参考にしたものは無い,選択なし/該当施設なし,,選択なし/該当施設なし,,"1,000円以上 3,000円未満",とても満足,,満足,,感じなかった,,10,,,福井県在住,
108051,かずら橋 エリア,男,1985,38,30代,福井県,三方上中郡,100万円未満,mobile/android,2023-10-01 19:29:14,10月,レインボーライン エリア,77.レインボーライン エリア,美浜町,嶺南東部,三方五湖DMO(株),日帰り,福井県内には宿泊しない,福井県内には宿泊しない,福井県外には宿泊しない,友人,"地元の美味しいものを食べる
名所、旧跡の観光
",0,0,1,0,1,0,0,0,0,0,0,0,0,0,0,0,0,0,"自家用車
",1,0,0,0,0,0,0,0,"自家用車
",1,0,0,0,0,0,0,0,0,とても満足,,"3,000円以上 5,000円未満","20,000円以上 30,000円未満","20,000円以上 30,000円未満",2～5回目,"観光展・物産展
",1,0,0,0,0,0,0,0,0,0,0,0,0,0,0,選択なし/該当施設なし,,選択なし/該当施設なし,,"1,000円以上 3,000円未満",とても満足,,とても満足,,感じなかった,,10,,,また行きたい（1年以内）,
144119,熊川宿 エリア,女,1975,48,40代,福井県,福井市,300万円以上 400万円未満,mobile/iphone,2023-10-01 19:04:52,10月,北ノ庄 エリア,03.北ノ庄 エリア,福井市,福井市・永平寺町,,日帰り,福井県内には宿泊しない,福井県内には宿泊しない,福井県外には宿泊しない,恋人,"買い物、アウトレット
",0,0,0,0,0,0,1,0,0,0,0,0,0,0,0,0,0,0,"自家用車
",1,0,0,0,0,0,0,0,"自家用車
",1,0,0,0,0,0,0,0,0,満足,,"1,000円未満","1,000円未満","1,000円未満",2～5回目,"観光展・物産展
",1,0,0,0,0,0,0,0,0,0,0,0,0,0,0,選択なし/該当施設なし,,選択なし/該当施設なし,,"1,000円未満",満足,,満足,,感じなかった,,5,,,また行きたい（1年以内）,
144710,あわら湯のまち エリア,男,1941,82,80歳以上,兵庫県,神戸市灘区,分からない/無回答,mobile/android,2023-10-01 18:08:55,10月,福井駅前 エリア,01.福井駅前 エリア,福井市,福井市・永平寺町,,1泊,1泊,三国・あわらエリア（あわら市・坂井市）,福井県外には宿泊しない,中学生以上連れの家族,"温泉や露天風呂
スポーツ観戦や芸能鑑賞（コンサート等）
",0,1,0,0,0,0,0,0,1,0,0,0,0,0,0,0,0,0,"在来線
",0,0,0,1,0,0,0,0,"在来線
",0,0,0,1,0,0,0,0,0,満足,,"30,000円以上 40,000円未満","10,000円以上 20,000円未満","3,000円以上 5,000円未満",2～5回目,"その他
",0,0,0,0,0,0,0,0,0,0,0,0,0,0,特になし,選択なし/該当施設なし,芦原ゴルフクラブ,選択なし/該当施設なし,あとは帰るだけ,"1,000円以上 3,000円未満",不満,工事中で駅弁も売ってなくて残念,不満,今後に期待,感じた,人が多く飲食店がいっぱいでご飯が食べれなかった,5,,,どちらともいえない,
137955,道の駅みくに ふれあいパーク三里浜 エリア,女,1970,53,50代,京都府,木津川市,800万円以上 900万円未満,mobile/android,2023-10-01 17:52:54,10月,小浜市 阿納 エリア,67.小浜市 阿納 エリア,小浜市,嶺南西部,(株)まちづくり小浜,1泊,1泊,嶺南エリア（敦賀市・美浜町・若狭町・小浜市・おおい町・高浜町）,京都府,親,"宿でのんびり過ごす
地元の美味しいものを食べる
",1,0,1,0,0,0,0,0,0,0,0,0,0,0,0,0,0,0,"自家用車
",1,0,0,0,0,0,0,0,"自家用車
",1,0,0,0,0,0,0,0,0,,,"10,000円以上 20,000円未満","1,000円以上 3,000円未満","5,000円以上 10,000円未満",初めて,"インターネット・アプリ
その他
",0,0,0,0,0,1,0,0,0,0,0,0,0,0,じゃらん,道の駅「若狭おばま」,道の駅　美山,道の駅「名田庄」,,"1,000円以上 3,000円未満",とても満足,食事とお風呂に大満足でした！,とても満足,チェックインが可能な時間とほぼ同時に複数に到着したが、すでに広い布団を敷いてくださり、夕食までゆっくりできた。,感じなかった,,8,宿泊したお宿以外をまだ十分知らないため「８」とした。お宿のみであれば「10」です！,まだ散策できていなので、わかりません。,また行きたい（1年以内）,
144119,熊川宿 エリア,女,1975,48,40代,福井県,福井市,300万円以上 400万円未満,mobile/iphone,2023-10-01 17:52:42,10月,福井駅前 エリア,01.福井駅前 エリア,福井市,福井市・永平寺町,,日帰り,福井県内には宿泊しない,福井県内には宿泊しない,福井県外には宿泊しない,恋人,"買い物、アウトレット
",0,0,0,0,0,0,1,0,0,0,0,0,0,0,0,0,0,0,"自家用車
",1,0,0,0,0,0,0,0,"自家用車
",1,0,0,0,0,0,0,0,0,,,"1,000円未満","1,000円未満","1,000円未満",2～5回目,"観光展・物産展
",1,0,0,0,0,0,0,0,0,0,0,0,0,0,0,選択なし/該当施設なし,,選択なし/該当施設なし,,"1,000円未満",満足,,満足,,感じなかった,,5,,,また行きたい（1年以内）,
144745,web,女,1962,61,60代,福井県,敦賀市,100万円以上 200万円未満,mobile/android,2023-10-01 17:29:10,10月,JR美浜駅 エリア,79.JR美浜駅 エリア,美浜町,嶺南東部,三方五湖DMO(株),日帰り,福井県内には宿泊しない,福井県内には宿泊しない,福井県外には宿泊しない,その他家族,"買い物、アウトレット
ドライブ・ツーリング
",0,0,0,0,0,0,1,0,0,0,0,0,0,0,1,0,0,0,"自家用車
",1,0,0,0,0,0,0,0,"自家用車
",1,0,0,0,0,0,0,0,0,満足,,"5,000円以上 10,000円未満","3,000円以上 5,000円未満","10,000円以上 20,000円未満",2～5回目,"観光展・物産展
",1,0,0,0,0,0,0,0,0,0,0,0,0,0,0,選択なし/該当施設なし,,選択なし/該当施設なし,,"3,000円以上 5,000円未満",満足,,満足,,感じなかった,,3,,,機会があれば行きたい,
144157,web,男,1973,50,50代,福井県,坂井市,500万円以上 600万円未満,mobile/android,2023-10-01 17:12:51,10月,福井駅前 エリア,01.福井駅前 エリア,福井市,福井市・永平寺町,,日帰り,福井県内には宿泊しない,福井県内には宿泊しない,福井県外には宿泊しない,恋人,"お祭りやイベントへの参加・見物
",0,0,0,0,0,0,0,1,0,0,0,0,0,0,0,0,0,0,"県外から訪れていない（福井県在住）
",0,0,0,0,0,0,1,0,"自家用車
",1,0,0,0,0,0,0,0,0,,,使わない,使わない,"1,000円未満",11回目以上,"インターネット・アプリ
",0,0,0,0,0,1,0,0,0,0,0,0,0,0,0,選択なし/該当施設なし,,選択なし/該当施設なし,,使わない,どちらでもない,,どちらでもない,,感じなかった,,5,,,,
144064,JR美浜駅 エリア,女,1986,37,30代,福井県,敦賀市,分からない/無回答,mobile/android,2023-10-01 16:59:11,10月,JR美浜駅 エリア,79.JR美浜駅 エリア,美浜町,嶺南東部,三方五湖DMO(株),日帰り,福井県内には宿泊しない,福井県内には宿泊しない,福井県外には宿泊しない,自分ひとり,"買い物、アウトレット
",0,0,0,0,0,0,1,0,0,0,0,0,0,0,0,0,0,0,"県外から訪れていない（福井県在住）
",0,0,0,0,0,0,1,0,"自家用車
",1,0,0,0,0,0,0,0,0,どちらでもない,,使わない,"1,000円未満","1,000円未満",11回目以上,"その他
",0,0,0,0,0,0,0,0,0,0,0,0,0,0,会社の同僚,選択なし/該当施設なし,,選択なし/該当施設なし,,"1,000円未満",とても満足,,とても満足,,感じなかった,,9,,,福井県在住,とろろ昆布のおにぎりはご飯がとてもおいしかったのととろろ昆布をご飯にかけると香りも楽しめるので良かったです。白身魚におぼろ昆布を巻いて7時間ほど冷蔵庫に置いてから食べましたが、刺身に昆布の味が移っていてとても美味しかったです。巻いていた昆布もお吸い物にして食べましたが、魚介の味がほんのりして美味しかったです。
135363,web,女,1951,72,70代,兵庫県,たつの市,"1,500万円以上",mobile/android,2023-10-01 16:57:20,10月,道の駅「三方五湖」  エリア,83.道の駅「三方五湖」 エリア,若狭町,嶺南東部,三方五湖DMO(株),3泊,1泊,奥越前エリア（勝山市・大野市）,石川県白山市,夫婦2人,"温泉や露天風呂
地元の美味しいものを食べる
名所、旧跡の観光
アウトドア（海水浴、釣り、登山など）
",0,1,1,0,1,0,0,0,0,1,0,0,0,0,0,0,0,0,"自家用車
",1,0,0,0,0,0,0,0,"自家用車
",1,0,0,0,0,0,0,0,0,,,"10,000円以上 20,000円未満","10,000円以上 20,000円未満","1,000円以上 3,000円未満",2～5回目,"その他
",0,0,0,0,0,0,0,0,0,0,0,0,0,0,特になし。白山に行く途中に立ち寄りました,選択なし/該当施設なし,,一乗谷朝倉氏遺跡,,"1,000円未満",満足,湖が見える場所が広々としている。ベンチがあって軽食がゆっくり食べられました,満足,,感じなかった,,7,一乗谷遺跡は広々していて、スタッフが商人の格好をしているのがとても良かった,,機会があれば行きたい,
144743,うみんぴあ大飯 エリア,女,1970,53,50代,福井県,敦賀市,300万円以上 400万円未満,mobile/android,2023-10-01 16:37:40,10月,うみんぴあ大飯 エリア,84.うみんぴあ大飯 エリア,おおい町,嶺南西部,,1泊,1泊,嶺南エリア（敦賀市・美浜町・若狭町・小浜市・おおい町・高浜町）,福井県外には宿泊しない,夫婦2人,"宿でのんびり過ごす
温泉や露天風呂
地元の美味しいものを食べる
その他
",1,1,1,0,0,0,0,0,0,0,0,0,0,0,0,0,0,ペア宿泊券が当たった,"自家用車
",1,0,0,0,0,0,0,0,"自家用車
",1,0,0,0,0,0,0,0,0,,,"3,000円以上 5,000円未満","3,000円以上 5,000円未満","3,000円以上 5,000円未満",2～5回目,"インターネット・アプリ
Instagram
",0,0,0,0,0,1,0,1,0,0,0,0,0,0,0,選択なし/該当施設なし,,選択なし/該当施設なし,,"3,000円以上 5,000円未満",とても満足,,とても満足,,感じなかった,,8,,,福井県在住,はや川の羽二重くるみを嶺南でも購入出来る場所が欲しい
100279,道の駅「若狭おばま」,男,1968,55,50代,福井県,福井市,600万円以上 700万円未満,mobile/iphone,2023-10-01 16:35:33,10月,御食国若狭おばま食文化館 エリア,71.御食国若狭おばま食文化館 エリア,小浜市,嶺南西部,(株)まちづくり小浜,日帰り,福井県内には宿泊しない,福井県内には宿泊しない,福井県外には宿泊しない,夫婦2人,"その他
",0,0,0,0,0,0,0,0,0,0,0,0,0,0,0,0,0,スタンプラリー,"県外から訪れていない（福井県在住）
",0,0,0,0,0,0,1,0,"自家用車
",1,0,0,0,0,0,0,0,0,,,使わない,"1,000円以上 3,000円未満","1,000円以上 3,000円未満",2～5回目,"その他
",0,0,0,0,0,0,0,0,0,0,0,0,0,0,スタンプラリー,選択なし/該当施設なし,,選択なし/該当施設なし,,使わない,満足,,満足,,感じなかった,,3,,,,
144741,一乗谷朝倉氏遺跡 エリア,女,1954,69,60代,福井県,坂井市,300万円以上 400万円未満,mobile/android,2023-10-01 16:11:37,10月,一乗谷朝倉氏遺跡 エリア,06.一乗谷朝倉氏遺跡 エリア,福井市,福井市・永平寺町,,2泊,福井県内には宿泊しない,三国・あわらエリア（あわら市・坂井市）,長野県,友人,"ドライブ・ツーリング
",0,0,0,0,0,0,0,0,0,0,0,0,0,0,1,0,0,0,"自家用車
",1,0,0,0,0,0,0,0,"自家用車
",1,0,0,0,0,0,0,0,0,どちらでもない,,使わない,使わない,"3,000円以上 5,000円未満",初めて,"友人・知人
",0,0,0,0,0,0,0,0,0,0,1,0,0,0,0,一乗谷朝倉氏遺跡,,選択なし/該当施設なし,,"1,000円未満",どちらでもない,,どちらでもない,,感じなかった,,5,,,,
144742,一乗谷朝倉氏遺跡 エリア,女,2008,15,10代,福井県,福井市,分からない/無回答,mobile/android,2023-10-01 16:10:28,10月,一乗谷朝倉氏遺跡 エリア,06.一乗谷朝倉氏遺跡 エリア,福井市,福井市・永平寺町,,日帰り,福井県内には宿泊しない,福井県内には宿泊しない,福井県外には宿泊しない,小学生以下連れの家族,"名所、旧跡の観光
",0,0,0,0,1,0,0,0,0,0,0,0,0,0,0,0,0,0,"県外から訪れていない（福井県在住）
",0,0,0,0,0,0,1,0,"自家用車
",1,0,0,0,0,0,0,0,0,満足,,使わない,使わない,使わない,2～5回目,"観光パンフレット・ポスター
",0,0,0,1,0,0,0,0,0,0,0,0,0,0,0,選択なし/該当施設なし,,選択なし/該当施設なし,,"1,000円未満",満足,,満足,,感じなかった,,7,,,,
144739,道の駅「パークイン丹生ヶ丘」 エリア,女,1966,57,50代,岐阜県,高山市,"1,000万円以上 1,200万円未満",mobile/android,2023-10-01 15:48:49,10月,道の駅「パークイン丹生ヶ丘」 エリア,50.道の駅「パークイン丹生ヶ丘」 エリア,越前町,丹南,一般社団法人 越前町観光連盟,1泊,1泊,越前エリア（越前市・越前町・鯖江市・池田町・南越前町）,その他,友人,"温泉や露天風呂
",0,1,0,0,0,0,0,0,0,0,0,0,0,0,0,0,0,0,"自家用車
",1,0,0,0,0,0,0,0,"自家用車
",1,0,0,0,0,0,0,0,0,満足,景色が良い,"5,000円以上 10,000円未満","5,000円以上 10,000円未満","5,000円以上 10,000円未満",初めて,"観光パンフレット・ポスター
",0,0,0,1,0,0,0,0,0,0,0,0,0,0,0,選択なし/該当施設なし,東尋坊,選択なし/該当施設なし,,"3,000円以上 5,000円未満",どちらでもない,,どちらでもない,,感じなかった,,3,,,また行きたい（1年以内）,
144157,web,男,1973,50,50代,福井県,坂井市,500万円以上 600万円未満,mobile/android,2023-10-01 15:48:48,10月,道の駅「西山公園」 エリア,44.道の駅「西山公園」 エリア,鯖江市,丹南,,日帰り,福井県内には宿泊しない,福井県内には宿泊しない,福井県外には宿泊しない,恋人,"お祭りやイベントへの参加・見物
",0,0,0,0,0,0,0,1,0,0,0,0,0,0,0,0,0,0,"県外から訪れていない（福井県在住）
",0,0,0,0,0,0,1,0,"自家用車
",1,0,0,0,0,0,0,0,0,,,使わない,使わない,"1,000円未満",11回目以上,"インターネット・アプリ
",0,0,0,0,0,1,0,0,0,0,0,0,0,0,0,選択なし/該当施設なし,,選択なし/該当施設なし,,使わない,満足,,満足,,感じなかった,,7,,,,
144119,熊川宿 エリア,女,1975,48,40代,福井県,福井市,300万円以上 400万円未満,mobile/iphone,2023-10-01 15:47:55,10月,道の駅「西山公園」 エリア,44.道の駅「西山公園」 エリア,鯖江市,丹南,,日帰り,福井県内には宿泊しない,福井県内には宿泊しない,福井県外には宿泊しない,恋人,"買い物、アウトレット
",0,0,0,0,0,0,1,0,0,0,0,0,0,0,0,0,0,0,"自家用車
",1,0,0,0,0,0,0,0,"自家用車
",1,0,0,0,0,0,0,0,0,,,"1,000円未満","1,000円未満","1,000円未満",6～10回目,"観光展・物産展
",1,0,0,0,0,0,0,0,0,0,0,0,0,0,0,選択なし/該当施設なし,,選択なし/該当施設なし,,"1,000円未満",満足,,満足,,感じなかった,,5,,,また行きたい（1年以内）,
144594,web,女,1963,60,60代,滋賀県,大津市,700万円以上 800万円未満,mobile/iphone,2023-10-01 15:46:24,10月,スーベニアショップ ラプトル エリア,25.スーベニアショップ ラプトル エリア,勝山市,勝山市・大野市,勝山市観光まちづくり(株),2泊,2泊,奥越前エリア（勝山市・大野市）,福井県外には宿泊しない,自分ひとり,"ドライブ・ツーリング
",0,0,0,0,0,0,0,0,0,0,0,0,0,0,1,0,0,0,"自家用車
",1,0,0,0,0,0,0,0,"自家用車
",1,0,0,0,0,0,0,0,0,とても満足,見どころ満載でした。,"10,000円以上 20,000円未満","3,000円以上 5,000円未満","20,000円以上 30,000円未満",初めて,"インターネット・アプリ
",0,0,0,0,0,1,0,0,0,0,0,0,0,0,0,丸岡城,,選択なし/該当施設なし,,使わない,どちらでもない,買いたいものが見当たらなかったから。,満足,綺麗で気持ちが良い。,感じなかった,,10,景観が良いこと。,和食や福井の郷土料理もあればよかった。,また行きたい（1年以内）,福井はよく来るので飲食店での食事をこれからも期待しています。
144623,web,男,1955,68,60代,滋賀県,大津市,800万円以上 900万円未満,mobile/android,2023-10-01 15:45:19,10月,スーベニアショップ ラプトル エリア,25.スーベニアショップ ラプトル エリア,勝山市,勝山市・大野市,勝山市観光まちづくり(株),2泊,2泊,奥越前エリア（勝山市・大野市）,福井県外には宿泊しない,夫婦2人,"名所、旧跡の観光
",0,0,0,0,1,0,0,0,0,0,0,0,0,0,0,0,0,0,"自家用車
",1,0,0,0,0,0,0,0,"自家用車
",1,0,0,0,0,0,0,0,0,,,"10,000円以上 20,000円未満","5,000円以上 10,000円未満","40,000円以上 50,000円未満",初めて,"友人・知人
",0,0,0,0,0,0,0,0,0,0,1,0,0,0,0,丸岡城,,越前大野城,,"1,000円未満",満足,,満足,,感じなかった,,10,,,また行きたい（1年以内）,
144738,JR美浜駅 エリア,男,1984,39,30代,福井県,敦賀市,300万円以上 400万円未満,mobile/android,2023-10-01 15:31:50,10月,JR美浜駅 エリア,79.JR美浜駅 エリア,美浜町,嶺南東部,三方五湖DMO(株),日帰り,福井県内には宿泊しない,福井県内には宿泊しない,福井県外には宿泊しない,親,"温泉や露天風呂
",0,1,0,0,0,0,0,0,0,0,0,0,0,0,0,0,0,0,"自家用車
",1,0,0,0,0,0,0,0,"自家用車
",1,0,0,0,0,0,0,0,0,,,"5,000円以上 10,000円未満","1,000円以上 3,000円未満","3,000円以上 5,000円未満",2～5回目,"インターネット・アプリ
",0,0,0,0,0,1,0,0,0,0,0,0,0,0,0,選択なし/該当施設なし,三方温泉きらら,選択なし/該当施設なし,,"1,000円以上 3,000円未満",とても満足,道の駅でパンケーキとアイスコーヒー,満足,,感じた,休日に休みであったこと。祝日は営業してほしい。,8,,,また行きたい（1年以内）,温泉施設
100279,道の駅「若狭おばま」,男,1968,55,50代,福井県,福井市,600万円以上 700万円未満,mobile/iphone,2023-10-01 15:19:58,10月,若狭高浜 エリア,90.若狭高浜 エリア,高浜町,嶺南西部,,日帰り,福井県内には宿泊しない,福井県内には宿泊しない,福井県外には宿泊しない,夫婦2人,"その他
",0,0,0,0,0,0,0,0,0,0,0,0,0,0,0,0,0,スタンプラリー,"県外から訪れていない（福井県在住）
",0,0,0,0,0,0,1,0,"自家用車
",1,0,0,0,0,0,0,0,0,満足,,使わない,"1,000円以上 3,000円未満","1,000円以上 3,000円未満",2～5回目,"その他
",0,0,0,0,0,0,0,0,0,0,0,0,0,0,スタンプラリー,選択なし/該当施設なし,,選択なし/該当施設なし,,"1,000円以上 3,000円未満",満足,,満足,,感じなかった,,4,,,,
144737,あわら湯のまち エリア,女,1963,60,60代,愛知県,稲沢市,"1,500万円以上",mobile/iphone,2023-10-01 15:13:23,10月,あわら湯のまち エリア,17.あわら湯のまち エリア,あわら市,あわら市・坂井市,,日帰り,福井県内には宿泊しない,福井県内には宿泊しない,福井県外には宿泊しない,その他家族,"温泉や露天風呂
名所、旧跡の観光
スポーツ観戦や芸能鑑賞（コンサート等）
",0,1,0,0,1,0,0,0,1,0,0,0,0,0,0,0,0,0,"自家用車
",1,0,0,0,0,0,0,0,"自家用車
在来線
",1,0,0,1,0,0,0,0,0,,,使わない,"5,000円以上 10,000円未満","10,000円以上 20,000円未満",初めて,"新聞・雑誌・ガイドブック
インターネット・アプリ
",0,1,0,0,0,1,0,0,0,0,0,0,0,0,0,東尋坊,,選択なし/該当施設なし,宮ノ下コスモス公苑,"1,000円以上 3,000円未満",満足,芦湯の近くに美味しいメロンフロートを提供してくれるお店があった。,満足,綺麗な足湯が無料,感じなかった,,9,芦湯をすすめたい,活気があまりなかったのでお店をもっと増やしたらいいと思った,また行きたい（1年以内）,羽二重餅が好きです
144735,レインボーライン エリア,男,1956,67,60代,奈良県,生駒市,300万円以上 400万円未満,mobile/android,2023-10-01 14:48:24,10月,レインボーライン エリア,77.レインボーライン エリア,美浜町,嶺南東部,三方五湖DMO(株),日帰り,福井県内には宿泊しない,福井県内には宿泊しない,福井県外には宿泊しない,夫婦2人,"その他
",0,0,0,0,0,0,0,0,0,0,0,0,0,0,0,0,0,観光ツアー,"旅行会社ツアーバス
",0,0,0,0,0,1,0,0,"旅行会社ツアーバス
",0,0,0,0,1,0,0,0,0,満足,,"1,000円以上 3,000円未満","3,000円以上 5,000円未満","1,000円以上 3,000円未満",初めて,"インターネット・アプリ
",0,0,0,0,0,1,0,0,0,0,0,0,0,0,0,選択なし/該当施設なし,,選択なし/該当施設なし,,"1,000円以上 3,000円未満",満足,,満足,,感じなかった,,3,,,機会があれば行きたい,
144715,越前大野城・城下町 エリア,男,1965,58,50代,兵庫県,三田市,700万円以上 800万円未満,mobile/iphone,2023-10-01 14:43:45,10月,越前大野城・城下町 エリア,21.越前大野城・城下町 エリア,大野市,勝山市・大野市,,1泊,1泊,越前エリア（越前市・越前町・鯖江市・池田町・南越前町）,福井県外には宿泊しない,中学生以上連れの家族,"地元の美味しいものを食べる
名所、旧跡の観光
スポーツ観戦や芸能鑑賞（コンサート等）
まちあるき、都市散策
",0,0,1,0,1,0,0,0,1,0,1,0,0,0,0,0,0,0,"自家用車
",1,0,0,0,0,0,0,0,"自家用車
",1,0,0,0,0,0,0,0,0,満足,自由に移動できる,"5,000円以上 10,000円未満","10,000円以上 20,000円未満","20,000円以上 30,000円未満",初めて,"観光連盟やDMOのHP
インターネット・アプリ
",0,0,0,0,1,1,0,0,0,0,0,0,0,0,0,選択なし/該当施設なし,,選択なし/該当施設なし,,"3,000円以上 5,000円未満",満足,そばが美味しかった,満足,落ち着いた感じで良い,感じなかった,,8,大野の蕎麦は食べたほうが良いと思う,,また行きたい（1年以内）,
144682,web,女,1974,49,40代,兵庫県,三田市,700万円以上 800万円未満,mobile/iphone,2023-10-01 14:43:19,10月,越前大野城・城下町 エリア,21.越前大野城・城下町 エリア,大野市,勝山市・大野市,,1泊,1泊,福井エリア（福井市・永平寺町）,福井県外には宿泊しない,友人,"お祭りやイベントへの参加・見物
",0,0,0,0,0,0,0,1,0,0,0,0,0,0,0,0,0,0,"自家用車
",1,0,0,0,0,0,0,0,"自家用車
",1,0,0,0,0,0,0,0,0,満足,,"5,000円以上 10,000円未満","5,000円以上 10,000円未満","10,000円以上 20,000円未満",初めて,"友人・知人
",0,0,0,0,0,0,0,0,0,0,1,0,0,0,0,越前大仏,,一乗谷朝倉氏遺跡,,"1,000円未満",満足,,満足,,感じなかった,,7,,,機会があれば行きたい,"駐車場の場所が分かりにくかった。
もっと看板とか大きかったら分かりやすかった。"
133244,web,女,1980,43,40代,石川県,加賀市,分からない/無回答,mobile/iphone,2023-10-01 14:15:38,10月,丸岡城 エリア,13.丸岡城 エリア,坂井市,あわら市・坂井市,(一社)DMOさかい観光局,日帰り,福井県内には宿泊しない,福井県内には宿泊しない,福井県外には宿泊しない,夫婦2人,"地元の美味しいものを食べる
まちあるき、都市散策
",0,0,1,0,0,0,0,0,0,0,1,0,0,0,0,0,0,0,"自家用車
",1,0,0,0,0,0,0,0,"自家用車
",1,0,0,0,0,0,0,0,0,,,使わない,"1,000円未満","3,000円以上 5,000円未満",2～5回目,"その他
",0,0,0,0,0,0,0,0,0,0,0,0,0,0,以前にも来たことがあった,選択なし/該当施設なし,,道の駅「さかい」（坂井地域交流センター「いねす」）,,"3,000円以上 5,000円未満",満足,,満足,,感じなかった,,6,,,また行きたい（1年以内）,
144729,web,女,1985,38,30代,大阪府,三島郡,"1,000万円以上 1,200万円未満",mobile/iphone,2023-10-01 13:52:18,10月,道の駅「三方五湖」  エリア,83.道の駅「三方五湖」 エリア,若狭町,嶺南東部,三方五湖DMO(株),1泊,4泊以上,嶺南エリア（敦賀市・美浜町・若狭町・小浜市・おおい町・高浜町）,石川県金沢市,中学生以上連れの家族,"宿でのんびり過ごす
温泉や露天風呂
地元の美味しいものを食べる
花見や紅葉などの自然鑑賞
名所、旧跡の観光
アウトドア（海水浴、釣り、登山など）
ドライブ・ツーリング
",1,1,1,1,1,0,0,0,0,1,0,0,0,0,1,0,0,0,"自家用車
",1,0,0,0,0,0,0,0,"自家用車
",1,0,0,0,0,0,0,0,0,とても満足,,"10,000円以上 20,000円未満","10,000円以上 20,000円未満","5,000円以上 10,000円未満",11回目以上,"インターネット・アプリ
Instagram
",0,0,0,0,0,1,0,1,0,0,0,0,0,0,0,エルガイアおおい,年縞,選択なし/該当施設なし,,"3,000円以上 5,000円未満",とても満足,,とても満足,,感じなかった,,10,,,また行きたい（1年以内）,
144731,道の駅「恐竜渓谷かつやま」 エリア,女,1994,29,20代,群馬県,高崎市,500万円以上 600万円未満,mobile/iphone,2023-10-01 13:51:22,10月,道の駅「恐竜渓谷かつやま」 エリア,26.道の駅「恐竜渓谷かつやま」 エリア,勝山市,勝山市・大野市,勝山市観光まちづくり(株),1泊,1泊,福井エリア（福井市・永平寺町）,福井県外には宿泊しない,自分ひとり,"スポーツ観戦や芸能鑑賞（コンサート等）
",0,0,0,0,0,0,0,0,1,0,0,0,0,0,0,0,0,0,"レンタカー
新幹線
",0,1,1,0,0,0,0,0,"レンタカー
",0,1,0,0,0,0,0,0,0,,,"10,000円以上 20,000円未満","30,000円以上 40,000円未満","30,000円以上 40,000円未満",初めて,"Instagram
友人・知人
",0,0,0,0,0,0,0,1,0,0,1,0,0,0,0,選択なし/該当施設なし,,選択なし/該当施設なし,,"5,000円以上 10,000円未満",満足,,満足,,感じなかった,,7,,,また行きたい（1年以内）,
144728,えちぜん鉄道 永平寺口駅 エリア,無回答,1971,52,50代,福井県,福井市,700万円以上 800万円未満,mobile/iphone,2023-10-01 13:44:46,10月,えちぜん鉄道 永平寺口駅 エリア,31.えちぜん鉄道 永平寺口駅 エリア,永平寺町,福井市・永平寺町,,日帰り,福井県内には宿泊しない,福井県内には宿泊しない,日帰り,中学生以上連れの家族,"地元の美味しいものを食べる
お祭りやイベントへの参加・見物
まちあるき、都市散策
ドライブ・ツーリング
",0,0,1,0,0,0,0,1,0,0,1,0,0,0,1,0,0,0,"県外から訪れていない（福井県在住）
",0,0,0,0,0,0,1,0,"自家用車
",1,0,0,0,0,0,0,0,0,,,"10,000円以上 20,000円未満","1,000円以上 3,000円未満","5,000円以上 10,000円未満",6～10回目,"Instagram
",0,0,0,0,0,0,0,1,0,0,0,0,0,0,0,選択なし/該当施設なし,ESHIKOTO,選択なし/該当施設なし,ESHIKOTO,"3,000円以上 5,000円未満",満足,ここでしか味わえない地酒や美味しいものに出会えるから,満足,もっと色々なお店や地元ならではのスポットが増えると良い,感じた,ESHIKOTOさんに行くまで駅から遠いので、地酒の試飲や食事に不便を感じる,9,福井にはまだまだ知られていない穴場スポットがある事,モデルコースの日帰りバスツアーやショートコースの移動サービスがあると、地元でももっと行きたくなると思います。,福井県在住,福井は自然も豊かだし、美味しいものも多いし、歴史もあるし、とっても素敵な場所だと思っています。もっと市町同士の連携や頑張っている飲食店やサービス業とのコラボ企画・イベント等の開催、アピールをして、県民のファンも増やすと良いと思います。
144726,レインボーライン エリア,女,1973,50,50代,愛知県,名古屋市千種区,"900万円以上 1,000万円未満",pc/others,2023-10-01 13:12:23,10月,レインボーライン エリア,77.レインボーライン エリア,美浜町,嶺南東部,三方五湖DMO(株),日帰り,福井県内には宿泊しない,福井県内には宿泊しない,福井県外には宿泊しない,夫婦2人,"ドライブ・ツーリング
その他
",0,0,0,0,0,0,0,0,0,0,0,0,0,0,1,0,0,1,"自家用車
",1,0,0,0,0,0,0,0,"自家用車
",1,0,0,0,0,0,0,0,0,,,使わない,"5,000円以上 10,000円未満","5,000円以上 10,000円未満",初めて,"インターネット・アプリ
",0,0,0,0,0,1,0,0,0,0,0,0,0,0,0,選択なし/該当施設なし,,選択なし/該当施設なし,,"5,000円以上 10,000円未満",どちらでもない,,どちらでもない,,感じた,,5,,,,
144725,web,男,1963,60,60代,福井県,勝山市,"1,000万円以上 1,200万円未満",mobile/android,2023-10-01 13:11:29,10月,北潟湖 エリア,20.北潟湖 エリア,あわら市,あわら市・坂井市,,日帰り,福井県内には宿泊しない,福井県内には宿泊しない,福井県外には宿泊しない,夫婦2人,"温泉や露天風呂
地元の美味しいものを食べる
花見や紅葉などの自然鑑賞
買い物、アウトレット
",0,1,1,1,0,0,1,0,0,0,0,0,0,0,0,0,0,0,"自家用車
",1,0,0,0,0,0,0,0,"自家用車
",1,0,0,0,0,0,0,0,0,満足,,"1,000円以上 3,000円未満",使わない,"5,000円以上 10,000円未満",2～5回目,"インターネット・アプリ
",0,0,0,0,0,1,0,0,0,0,0,0,0,0,0,選択なし/該当施設なし,,あわら温泉街,,"3,000円以上 5,000円未満",満足,,満足,,感じなかった,,7,,,機会があれば行きたい,
144724,web,男,1964,59,50代,岐阜県,関市,分からない/無回答,mobile/android,2023-10-01 13:04:35,10月,越前そばの里 エリア,37.越前そばの里 エリア,越前市,丹南,,日帰り,福井県内には宿泊しない,福井県内には宿泊しない,福井県外には宿泊しない,夫婦2人,"地元の美味しいものを食べる
ドライブ・ツーリング
",0,0,1,0,0,0,0,0,0,0,0,0,0,0,1,0,0,0,"自家用車
",1,0,0,0,0,0,0,0,"自家用車
",1,0,0,0,0,0,0,0,0,,,使わない,"3,000円以上 5,000円未満","5,000円以上 10,000円未満",初めて,"インターネット・アプリ
",0,0,0,0,0,1,0,0,0,0,0,0,0,0,0,越前大野城,,選択なし/該当施設なし,,"1,000円以上 3,000円未満",満足,,満足,,感じなかった,,10,,,また行きたい（1年以内）,
144690,道の駅「南えちぜん山海里」 エリア,男,2001,22,20代,大阪府,大阪市旭区,100万円未満,mobile/iphone,2023-10-01 13:01:46,10月,うるしの里 エリア,46.うるしの里 エリア,鯖江市,丹南,,1泊,1泊,三国・あわらエリア（あわら市・坂井市）,福井県外には宿泊しない,友人,"ドライブ・ツーリング
",0,0,0,0,0,0,0,0,0,0,0,0,0,0,1,0,0,0,"自家用車
",1,0,0,0,0,0,0,0,"自家用車
",1,0,0,0,0,0,0,0,0,どちらでもない,自家用車　アクセスも鯖江インターからだと悪くは無い,"10,000円以上 20,000円未満","5,000円以上 10,000円未満","10,000円以上 20,000円未満",初めて,"インターネット・アプリ
",0,0,0,0,0,1,0,0,0,0,0,0,0,0,0,越前そばの里,,めがねミュージアム,,"1,000円以上 3,000円未満",満足,種類豊富な土産が良かった。,満足,外観も綺麗で良い。,感じなかった,,7,漆の土産が買えるところは多く無いので良い。,"漆以外の土産が売ってないので
それ以外売っていたら良かったかも。",また行きたい（1年以内）,"和紙の里も近くにあるし
和紙の土産も置いていても良いかもしれない。"
119796,web,女,1968,55,50代,福井県,勝山市,"1,000万円以上 1,200万円未満",mobile/iphone,2023-10-01 12:53:43,10月,北潟湖 エリア,20.北潟湖 エリア,あわら市,あわら市・坂井市,,日帰り,福井県内には宿泊しない,福井県内には宿泊しない,福井県外には宿泊しない,夫婦2人,"まちあるき、都市散策
",0,0,0,0,0,0,0,0,0,0,1,0,0,0,0,0,0,0,"自家用車
",1,0,0,0,0,0,0,0,"自家用車
",1,0,0,0,0,0,0,0,0,満足,,"1,000円以上 3,000円未満",使わない,"1,000円以上 3,000円未満",2～5回目,"インターネット・アプリ
",0,0,0,0,0,1,0,0,0,0,0,0,0,0,0,選択なし/該当施設なし,,あわら温泉街,,"3,000円以上 5,000円未満",満足,美味しいものがある,満足,,感じなかった,,8,,"果物、野菜
その他加工食品",どちらともいえない,
144689,道の駅「南えちぜん山海里」 エリア,男,2001,22,20代,大阪府,高槻市,"900万円以上 1,000万円未満",mobile/iphone,2023-10-01 12:51:10,10月,うるしの里 エリア,46.うるしの里 エリア,鯖江市,丹南,,1泊,1泊,三国・あわらエリア（あわら市・坂井市）,福井県外には宿泊しない,恋人,"ドライブ・ツーリング
",0,0,0,0,0,0,0,0,0,0,0,0,0,0,1,0,0,0,"自家用車
",1,0,0,0,0,0,0,0,"自家用車
",1,0,0,0,0,0,0,0,0,満足,,使わない,"5,000円以上 10,000円未満","3,000円以上 5,000円未満",初めて,"友人・知人
",0,0,0,0,0,0,0,0,0,0,1,0,0,0,0,選択なし/該当施設なし,,選択なし/該当施設なし,,"1,000円未満",満足,,満足,,感じなかった,,6,,,また行きたい（1年以内）,
144722,丸岡城 エリア,男,1967,56,50代,石川県,小松市,800万円以上 900万円未満,mobile/iphone,2023-10-01 12:50:54,10月,丸岡城 エリア,13.丸岡城 エリア,坂井市,あわら市・坂井市,(一社)DMOさかい観光局,1泊,1泊,福井エリア（福井市・永平寺町）,福井県外には宿泊しない,恋人,"まちあるき、都市散策
",0,0,0,0,0,0,0,0,0,0,1,0,0,0,0,0,0,0,"自家用車
",1,0,0,0,0,0,0,0,"自家用車
",1,0,0,0,0,0,0,0,0,,,"5,000円以上 10,000円未満","5,000円以上 10,000円未満","5,000円以上 10,000円未満",2～5回目,"インターネット・アプリ
",0,0,0,0,0,1,0,0,0,0,0,0,0,0,0,大本山永平寺,,選択なし/該当施設なし,,"1,000円以上 3,000円未満",満足,,満足,,感じなかった,,8,丸岡城敷地内にあるお蕎麦が美味しい。,,また行きたい（1年以内）,
144721,道の駅「越前」 エリア,男,1970,53,50代,愛知県,弥富市,"1,500万円以上",mobile/android,2023-10-01 12:49:14,10月,道の駅「越前」 エリア,49.道の駅「越前」 エリア,越前町,丹南,一般社団法人 越前町観光連盟,日帰り,福井県内には宿泊しない,福井県内には宿泊しない,福井県外には宿泊しない,中学生以上連れの家族,"ドライブ・ツーリング
",0,0,0,0,0,0,0,0,0,0,0,0,0,0,1,0,0,0,"自家用車
",1,0,0,0,0,0,0,0,"自家用車
",1,0,0,0,0,0,0,0,0,どちらでもない,,使わない,"5,000円以上 10,000円未満","10,000円以上 20,000円未満",初めて,"観光パンフレット・ポスター
",0,0,0,1,0,0,0,0,0,0,0,0,0,0,0,一乗谷朝倉氏遺跡,,選択なし/該当施設なし,,"5,000円以上 10,000円未満",満足,ご飯が美味しかった,満足,,感じなかった,,6,,,機会があれば行きたい,
144720,道の駅「越前」 エリア,男,2006,17,10代,愛知県,弥富市,100万円未満,mobile/iphone,2023-10-01 12:47:49,10月,道の駅「越前」 エリア,49.道の駅「越前」 エリア,越前町,丹南,一般社団法人 越前町観光連盟,日帰り,福井県内には宿泊しない,福井県内には宿泊しない,福井県外には宿泊しない,その他家族,"アウトドア（海水浴、釣り、登山など）
",0,0,0,0,0,0,0,0,0,1,0,0,0,0,0,0,0,0,"自家用車
",1,0,0,0,0,0,0,0,"自家用車
",1,0,0,0,0,0,0,0,0,満足,,"1,000円以上 3,000円未満","3,000円以上 5,000円未満","1,000円以上 3,000円未満",2～5回目,"友人・知人
",0,0,0,0,0,0,0,0,0,0,1,0,0,0,0,選択なし/該当施設なし,,選択なし/該当施設なし,,"1,000円以上 3,000円未満",満足,,どちらでもない,,感じなかった,,4,,,,
144717,道の駅「越前」 エリア,女,2008,15,10代,愛知県,弥富市,分からない/無回答,mobile/iphone,2023-10-01 12:44:55,10月,道の駅「越前」 エリア,49.道の駅「越前」 エリア,越前町,丹南,一般社団法人 越前町観光連盟,日帰り,福井県内には宿泊しない,福井県内には宿泊しない,福井県外には宿泊しない,親,"地元の美味しいものを食べる
アウトドア（海水浴、釣り、登山など）
",0,0,1,0,0,0,0,0,0,1,0,0,0,0,0,0,0,0,"自家用車
",1,0,0,0,0,0,0,0,"自家用車
",1,0,0,0,0,0,0,0,0,どちらでもない,,使わない,使わない,使わない,初めて,"Instagram
",0,0,0,0,0,0,0,1,0,0,0,0,0,0,0,選択なし/該当施設なし,,選択なし/該当施設なし,,使わない,とても満足,,どちらでもない,,感じた,,4,,,また行きたい（1年以内）,
144716,道の駅「越前」 エリア,女,1972,51,50代,愛知県,弥富市,800万円以上 900万円未満,mobile/android,2023-10-01 12:41:58,10月,道の駅「越前」 エリア,49.道の駅「越前」 エリア,越前町,丹南,一般社団法人 越前町観光連盟,日帰り,福井県内には宿泊しない,福井県内には宿泊しない,福井県外には宿泊しない,その他家族,"温泉や露天風呂
地元の美味しいものを食べる
その他
",0,1,1,0,0,0,0,0,0,0,0,0,0,0,0,0,0,景色を見る,"自家用車
",1,0,0,0,0,0,0,0,"自家用車
",1,0,0,0,0,0,0,0,0,満足,,使わない,"5,000円以上 10,000円未満","20,000円以上 30,000円未満",初めて,"その他
",0,0,0,0,0,0,0,0,0,0,0,0,0,0,通りすがり,越前がにミュージアム,,選択なし/該当施設なし,,"5,000円以上 10,000円未満",満足,,満足,,感じなかった,,8,,,また行きたい（1年以内）,
144712,JR芦原温泉駅 エリア,女,1978,45,40代,大阪府,大阪市平野区,分からない/無回答,mobile/android,2023-10-01 12:35:20,10月,JR芦原温泉駅 エリア,16.JR芦原温泉駅 エリア,あわら市,あわら市・坂井市,,1泊,1泊,三国・あわらエリア（あわら市・坂井市）,福井県外には宿泊しない,友人,"温泉や露天風呂
地元の美味しいものを食べる
名所、旧跡の観光
",0,1,1,0,1,0,0,0,0,0,0,0,0,0,0,0,0,0,"在来線
",0,0,0,1,0,0,0,0,"在来線
路線バス
",0,0,0,1,0,1,0,0,0,満足,バスの料金が高い。東尋坊線はこの旅行で3回乗ったが、間違えて反対行きに2組乗っていて途中で降りていた。分かりやすくしたほうがよい。,"10,000円以上 20,000円未満","10,000円以上 20,000円未満","5,000円以上 10,000円未満",2～5回目,"宿泊施設
",0,0,0,0,0,0,0,0,0,0,0,0,0,1,0,東尋坊,,丸岡城,,使わない,満足,,満足,,感じた,観光案内所の場所の説明をJRの駅員に聞き、言われた通りに行くと迷った。,9,海産物がおいしかった。宿がよかった。,駅周辺に飲食店があるとよい。,機会があれば行きたい,福井駅から一乗谷遺跡に行く電車の本数が少なく驚いた。そのためバスを利用したが、もう少し便利だと行こうと思う人が増えるかなと思う。
138525,web,女,1966,57,50代,岐阜県,高山市,100万円未満,mobile/android,2023-10-01 12:35:10,10月,美浜町レイクセンター エリア,75.美浜町レイクセンター エリア,美浜町,嶺南東部,三方五湖DMO(株),日帰り,福井県内には宿泊しない,福井県内には宿泊しない,福井県外には宿泊しない,夫婦2人,"地元の美味しいものを食べる
",0,0,1,0,0,0,0,0,0,0,0,0,0,0,0,0,0,0,"自家用車
",1,0,0,0,0,0,0,0,"自家用車
",1,0,0,0,0,0,0,0,0,満足,,"10,000円以上 20,000円未満","5,000円以上 10,000円未満","10,000円以上 20,000円未満",2～5回目,"観光協会等の案内所
",0,0,0,0,0,0,0,0,0,0,0,1,0,0,0,選択なし/該当施設なし,,選択なし/該当施設なし,,"3,000円以上 5,000円未満",満足,,満足,,感じた,電機自動車の充電器が無い事,8,,,,
144711,道の駅「越前」 エリア,男,1986,37,30代,三重県,松阪市,"1,500万円以上",mobile/iphone,2023-10-01 12:32:30,10月,道の駅「越前」 エリア,49.道の駅「越前」 エリア,越前町,丹南,一般社団法人 越前町観光連盟,1泊,1泊,越前エリア（越前市・越前町・鯖江市・池田町・南越前町）,福井県外には宿泊しない,小学生以下連れの家族,"名所、旧跡の観光
お祭りやイベントへの参加・見物
",0,0,0,0,1,0,0,1,0,0,0,0,0,0,0,0,0,0,"自家用車
",1,0,0,0,0,0,0,0,"自家用車
",1,0,0,0,0,0,0,0,0,とても満足,,"10,000円以上 20,000円未満","10,000円以上 20,000円未満","20,000円以上 30,000円未満",初めて,"観光展・物産展
",1,0,0,0,0,0,0,0,0,0,0,0,0,0,0,選択なし/該当施設なし,,選択なし/該当施設なし,,"3,000円以上 5,000円未満",満足,,満足,,感じなかった,,8,,,,
144709,丸岡城 エリア,女,1958,65,60代,兵庫県,三田市,分からない/無回答,mobile/android,2023-10-01 12:26:03,10月,丸岡城 エリア,13.丸岡城 エリア,坂井市,あわら市・坂井市,(一社)DMOさかい観光局,2泊,1泊,三国・あわらエリア（あわら市・坂井市）,石川県羽咋市,夫婦2人,"名所、旧跡の観光
アウトドア（海水浴、釣り、登山など）
",0,0,0,0,1,0,0,0,0,1,0,0,0,0,0,0,0,0,"自家用車
",1,0,0,0,0,0,0,0,"自家用車
",1,0,0,0,0,0,0,0,0,,,"20,000円以上 30,000円未満","30,000円以上 40,000円未満","10,000円以上 20,000円未満",初めて,"インターネット・アプリ
",0,0,0,0,0,1,0,0,0,0,0,0,0,0,0,選択なし/該当施設なし,,越前大野城,,"3,000円以上 5,000円未満",満足,蕎麦が美味しい！,満足,,感じなかった,,2,,,機会があれば行きたい,
134127,越前海岸 北部 エリア,女,1961,62,60代,京都府,八幡市,"1,000万円以上 1,200万円未満",mobile/iphone,2023-10-01 12:10:47,10月,道の駅「禅の里」 エリア,35.道の駅「禅の里」 エリア,永平寺町,福井市・永平寺町,,日帰り,福井県内には宿泊しない,福井県内には宿泊しない,福井県外には宿泊しない,夫婦2人,"その他
",0,0,0,0,0,0,0,0,0,0,0,0,0,0,0,0,0,お国じまん（デジタルスタンプラリー）,"自家用車
",1,0,0,0,0,0,0,0,"自家用車
",1,0,0,0,0,0,0,0,0,とても満足,高速道路から降りて、一般道路も広く、案内表示板もわかりやすい場所に設置されていたので,"3,000円以上 5,000円未満","1,000円以上 3,000円未満",使わない,2～5回目,"インターネット・アプリ
",0,0,0,0,0,1,0,0,0,0,0,0,0,0,0,一乗谷朝倉氏遺跡,,選択なし/該当施設なし,道の駅若狭美浜はまびより,"1,000円以上 3,000円未満",満足,大好きな越前おろしそばとソースかつ丼はやっぱり美味しい！,どちらでもない,禅の里温泉がたまたま臨時休業で残念でした,感じなかった,,10,食事と温泉、永平寺と一緒にお勧めしたいと思います,地産地消のお料理,また行きたい（1年以内）,美味しい食事と癒しの温泉
144706,道の駅「越前おおの荒島の郷」 エリア,男,1958,65,60代,愛知県,春日井市,100万円未満,mobile/android,2023-10-01 12:09:12,10月,道の駅「越前おおの荒島の郷」 エリア,22.道の駅「越前おおの荒島の郷」 エリア,大野市,勝山市・大野市,,1泊,1泊,福井エリア（福井市・永平寺町）,福井県外には宿泊しない,自分ひとり,"ドライブ・ツーリング
",0,0,0,0,0,0,0,0,0,0,0,0,0,0,1,0,0,0,"自家用車
",1,0,0,0,0,0,0,0,"自家用車
",1,0,0,0,0,0,0,0,0,,,"1,000円未満","5,000円以上 10,000円未満","10,000円以上 20,000円未満",2～5回目,"その他
",0,0,0,0,0,0,0,0,0,0,0,0,0,0,情報なし,道の駅「禅の里」,,選択なし/該当施設なし,石徹白ダム、九頭竜ダム,"1,000円以上 3,000円未満",不満,里芋が買えなかった。,満足,新しくて綺麗,感じなかった,,10,,,機会があれば行きたい,
144119,熊川宿 エリア,女,1975,48,40代,福井県,福井市,300万円以上 400万円未満,mobile/iphone,2023-10-01 12:05:59,10月,あわら湯のまち エリア,17.あわら湯のまち エリア,あわら市,あわら市・坂井市,,日帰り,福井県内には宿泊しない,福井県内には宿泊しない,福井県外には宿泊しない,恋人,"買い物、アウトレット
",0,0,0,0,0,0,1,0,0,0,0,0,0,0,0,0,0,0,"自家用車
",1,0,0,0,0,0,0,0,"自家用車
",1,0,0,0,0,0,0,0,0,,,"1,000円未満","1,000円未満","1,000円未満",6～10回目,"観光展・物産展
",1,0,0,0,0,0,0,0,0,0,0,0,0,0,0,選択なし/該当施設なし,,選択なし/該当施設なし,,"1,000円未満",満足,,満足,,感じなかった,,5,,,また行きたい（1年以内）,
144119,熊川宿 エリア,女,1975,48,40代,福井県,福井市,300万円以上 400万円未満,mobile/iphone,2023-10-01 12:04:16,10月,大安禅寺 エリア,08.大安禅寺 エリア,福井市,福井市・永平寺町,,日帰り,福井県内には宿泊しない,福井県内には宿泊しない,福井県外には宿泊しない,恋人,"買い物、アウトレット
",0,0,0,0,0,0,1,0,0,0,0,0,0,0,0,0,0,0,"自家用車
",1,0,0,0,0,0,0,0,"自家用車
",1,0,0,0,0,0,0,0,0,,,"1,000円未満","1,000円未満","1,000円未満",初めて,"観光展・物産展
",1,0,0,0,0,0,0,0,0,0,0,0,0,0,0,選択なし/該当施設なし,,選択なし/該当施設なし,,使わない,満足,,満足,,感じなかった,,5,,,また行きたい（1年以内）,
138525,web,女,1966,57,50代,岐阜県,高山市,100万円未満,mobile/android,2023-10-01 11:52:02,10月,道の駅「三方五湖」  エリア,83.道の駅「三方五湖」 エリア,若狭町,嶺南東部,三方五湖DMO(株),日帰り,福井県内には宿泊しない,福井県内には宿泊しない,福井県外には宿泊しない,夫婦2人,"地元の美味しいものを食べる
",0,0,1,0,0,0,0,0,0,0,0,0,0,0,0,0,0,0,"自家用車
",1,0,0,0,0,0,0,0,"自家用車
",1,0,0,0,0,0,0,0,0,満足,,"10,000円以上 20,000円未満","5,000円以上 10,000円未満","10,000円以上 20,000円未満",2～5回目,"観光協会等の案内所
",0,0,0,0,0,0,0,0,0,0,0,1,0,0,0,選択なし/該当施設なし,,選択なし/該当施設なし,,"10,000円以上 20,000円未満",満足,,満足,,感じた,車の充電施設が少ない分こと,8,,,,
118794,web,女,1992,31,30代,東京都,杉並区,500万円以上 600万円未満,mobile/iphone,2023-10-01 11:39:16,10月,越前そばの里 エリア,37.越前そばの里 エリア,越前市,丹南,,日帰り,福井県内には宿泊しない,福井県内には宿泊しない,福井県外には宿泊しない,夫婦2人,"買い物、アウトレット
",0,0,0,0,0,0,1,0,0,0,0,0,0,0,0,0,0,0,"自家用車
",1,0,0,0,0,0,0,0,"自家用車
",1,0,0,0,0,0,0,0,0,,,使わない,"3,000円以上 5,000円未満","3,000円以上 5,000円未満",2～5回目,"友人・知人
",0,0,0,0,0,0,0,0,0,0,1,0,0,0,0,選択なし/該当施設なし,,選択なし/該当施設なし,,"1,000円以上 3,000円未満",とても満足,,とても満足,,感じなかった,,9,,,,
144704,大本山 永平寺 エリア,男,1971,52,50代,東京都,江東区,600万円以上 700万円未満,mobile/android,2023-10-01 11:30:28,10月,大本山 永平寺 エリア,34.大本山 永平寺 エリア,永平寺町,福井市・永平寺町,,2泊,1泊,越前エリア（越前市・越前町・鯖江市・池田町・南越前町）,石川県加賀市,夫婦2人,"宿でのんびり過ごす
温泉や露天風呂
地元の美味しいものを食べる
名所、旧跡の観光
まちあるき、都市散策
",1,1,1,0,1,0,0,0,0,0,1,0,0,0,0,0,0,0,"自家用車
",1,0,0,0,0,0,0,0,"自家用車
",1,0,0,0,0,0,0,0,0,,,"50,000円以上 100,000円未満","20,000円以上 30,000円未満","50,000円以上 100,000円未満",2～5回目,"新聞・雑誌・ガイドブック
インターネット・アプリ
",0,1,0,0,0,1,0,0,0,0,0,0,0,0,0,越前大野城,,丸岡城,,"5,000円以上 10,000円未満",とても満足,,とても満足,,感じなかった,,8,,へしこを買い忘れたので買いたい。,また行きたい（1年以内）,
144703,若狭フィッシャーマンズワーフ エリア,女,1961,62,60代,兵庫県,多可郡,分からない/無回答,mobile/android,2023-10-01 11:29:33,10月,若狭フィッシャーマンズワーフ エリア,70.若狭フィッシャーマンズワーフ エリア,小浜市,嶺南西部,(株)まちづくり小浜,1泊,1泊,三国・あわらエリア（あわら市・坂井市）,福井県外には宿泊しない,夫婦2人,"花見や紅葉などの自然鑑賞
名所、旧跡の観光
",0,0,0,1,1,0,0,0,0,0,0,0,0,0,0,0,0,0,"自家用車
",1,0,0,0,0,0,0,0,"自家用車
",1,0,0,0,0,0,0,0,0,,,"10,000円以上 20,000円未満",使わない,"10,000円以上 20,000円未満",初めて,"インターネット・アプリ
",0,0,0,0,0,1,0,0,0,0,0,0,0,0,0,選択なし/該当施設なし,,福井県立恐竜博物館,,"3,000円以上 5,000円未満",満足,,満足,,感じなかった,,7,,,機会があれば行きたい,
144157,web,男,1973,50,50代,福井県,坂井市,500万円以上 600万円未満,mobile/android,2023-10-01 11:11:50,10月,大安禅寺 エリア,08.大安禅寺 エリア,福井市,福井市・永平寺町,,日帰り,福井県内には宿泊しない,福井県内には宿泊しない,福井県外には宿泊しない,恋人,"お祭りやイベントへの参加・見物
",0,0,0,0,0,0,0,1,0,0,0,0,0,0,0,0,0,0,"県外から訪れていない（福井県在住）
",0,0,0,0,0,0,1,0,"自家用車
",1,0,0,0,0,0,0,0,0,,,使わない,使わない,"1,000円未満",11回目以上,"インターネット・アプリ
",0,0,0,0,0,1,0,0,0,0,0,0,0,0,0,選択なし/該当施設なし,,選択なし/該当施設なし,,使わない,不満,,不満,,感じなかった,,3,,,,
144701,福井駅前 エリア,女,1971,52,50代,東京都,府中市,500万円以上 600万円未満,mobile/android,2023-10-01 11:11:04,10月,福井駅前 エリア,01.福井駅前 エリア,福井市,福井市・永平寺町,,1泊,1泊,福井エリア（福井市・永平寺町）,福井県外には宿泊しない,自分ひとり,"スポーツ観戦や芸能鑑賞（コンサート等）
",0,0,0,0,0,0,0,0,1,0,0,0,0,0,0,0,0,0,"新幹線
その他
",0,0,1,0,0,0,0,高速バス,"自家用車
",1,0,0,0,0,0,0,0,0,,,"10,000円以上 20,000円未満","30,000円以上 40,000円未満","10,000円以上 20,000円未満",2～5回目,"インターネット・アプリ
友人・知人
その他
",0,0,0,0,0,1,0,0,0,0,1,0,0,0,1,福井県立恐竜博物館,,めがねミュージアム,,"5,000円以上 10,000円未満",満足,地元の品はハピリンで、急きょ必要になった日用品や衣類などはアオッサ、西武で購入できて、便利でした。,満足,飲食店、コンビニ、お土産店があり便利です。,感じた,駅ビルが改装中ということでしょうがないかと思いますが、ドラッグストアと、100均がもう１店舗あると良いと思いました。,6,恐竜博物館。展示が予想をはるかに超える充実度でした。,,また行きたい（1年以内）,
134127,越前海岸 北部 エリア,女,1961,62,60代,京都府,八幡市,"1,000万円以上 1,200万円未満",mobile/iphone,2023-10-01 11:10:58,10月,一乗谷朝倉氏遺跡 エリア,06.一乗谷朝倉氏遺跡 エリア,福井市,福井市・永平寺町,,日帰り,福井県内には宿泊しない,福井県内には宿泊しない,福井県外には宿泊しない,夫婦2人,"その他
",0,0,0,0,0,0,0,0,0,0,0,0,0,0,0,0,0,お国じまん（デジタルスタンプラリー）,"自家用車
",1,0,0,0,0,0,0,0,"自家用車
",1,0,0,0,0,0,0,0,0,とても満足,案内表示板があり、道路も広く快適に走れました,"3,000円以上 5,000円未満","1,000円以上 3,000円未満",使わない,2～5回目,"インターネット・アプリ
",0,0,0,0,0,1,0,0,0,0,0,0,0,0,0,越前大野城,,選択なし/該当施設なし,禅の里温泉,使わない,とても満足,偶然、開館一周年日で入館が無料だった上、シシカゲとおコマのシールまでいただき、とてもラッキーでした,とても満足,城下町のジオラマが細部に渡って再現されていて、当時イキイキと暮らしていた情景が感じられて圧巻でした。再現されたお屋敷と遺構展示室も実際に見て感じられてとても良かったです。,感じなかった,,10,ジオラマと遺構展示と周辺の景色,地産地消のレストラン,また行きたい（1年以内）,美味しい食事と癒しの温泉
100100,web,女,1997,26,20代,福井県,坂井市,分からない/無回答,mobile/iphone,2023-10-01 11:04:32,10月,あわら湯のまち エリア,17.あわら湯のまち エリア,あわら市,あわら市・坂井市,,日帰り,福井県内には宿泊しない,福井県内には宿泊しない,福井県外には宿泊しない,自分ひとり,"地元の美味しいものを食べる
",0,0,1,0,0,0,0,0,0,0,0,0,0,0,0,0,0,0,"自家用車
",1,0,0,0,0,0,0,0,"自家用車
",1,0,0,0,0,0,0,0,0,,,使わない,使わない,使わない,初めて,"Twitter
",0,0,0,0,0,0,1,0,0,0,0,0,0,0,0,選択なし/該当施設なし,,選択なし/該当施設なし,,使わない,満足,,満足,,感じなかった,,8,,,,
144699,えちぜん鉄道 松岡駅 エリア,男,1980,43,40代,東京都,板橋区,400万円以上 500万円未満,mobile/android,2023-10-01 11:00:18,10月,えちぜん鉄道 松岡駅 エリア,33.えちぜん鉄道 松岡駅 エリア,永平寺町,福井市・永平寺町,,1泊,1泊,嶺南エリア（敦賀市・美浜町・若狭町・小浜市・おおい町・高浜町）,福井県外には宿泊しない,職場の同僚,"地元の美味しいものを食べる
出張など仕事関係
",0,0,1,0,0,0,0,0,0,0,0,0,0,0,0,0,1,0,"新幹線
",0,0,1,0,0,0,0,0,"レンタカー
",0,1,0,0,0,0,0,0,0,どちらでもない,,"5,000円以上 10,000円未満","10,000円以上 20,000円未満","20,000円以上 30,000円未満",初めて,"インターネット・アプリ
",0,0,0,0,0,1,0,0,0,0,0,0,0,0,0,選択なし/該当施設なし,けんぞうそば,選択なし/該当施設なし,,"3,000円以上 5,000円未満",どちらでもない,,満足,,感じなかった,,7,,,機会があれば行きたい,
144697,紫式部公園 エリア,女,1950,73,70代,福井県,越前市,600万円以上 700万円未満,mobile/android,2023-10-01 10:57:50,10月,紫式部公園 エリア,41.紫式部公園 エリア,越前市,丹南,,日帰り,福井県内には宿泊しない,福井県内には宿泊しない,福井県外には宿泊しない,友人,"地元の美味しいものを食べる
名所、旧跡の観光
友人・親戚を尋ねる
",0,0,1,0,1,0,0,0,0,0,0,0,0,0,0,1,0,0,"自家用車
県外から訪れていない（福井県在住）
",1,0,0,0,0,0,1,0,"自家用車
",1,0,0,0,0,0,0,0,0,,,"10,000円以上 20,000円未満","10,000円以上 20,000円未満","5,000円以上 10,000円未満",11回目以上,"観光展・物産展
新聞・雑誌・ガイドブック
観光パンフレット・ポスター
",1,1,0,1,0,0,0,0,0,0,0,0,0,0,0,一乗谷朝倉氏遺跡,,西山動物園,,"1,000円未満",不満,,不満,池の清掃と、水をきれいに,感じた,,10,,"お土産を豊富にする
年中無休にする",また行きたい（1年以内）,
144690,道の駅「南えちぜん山海里」 エリア,男,2001,22,20代,大阪府,大阪市旭区,100万円未満,mobile/iphone,2023-10-01 10:56:13,10月,北陸新幹線 越前たけふ駅 エリア,38.北陸新幹線 越前たけふ駅 エリア,越前市,丹南,,1泊,1泊,三国・あわらエリア（あわら市・坂井市）,福井県外には宿泊しない,友人,"ドライブ・ツーリング
",0,0,0,0,0,0,0,0,0,0,0,0,0,0,1,0,0,0,"自家用車
",1,0,0,0,0,0,0,0,"自家用車
",1,0,0,0,0,0,0,0,0,どちらでもない,"交通の便は
新幹線まだ開通して無いので､なんとも言えないが
悪くは無い。","10,000円以上 20,000円未満","5,000円以上 10,000円未満","10,000円以上 20,000円未満",初めて,"インターネット・アプリ
",0,0,0,0,0,1,0,0,0,0,0,0,0,0,0,西山動物園,,西山動物園,,"1,000円以上 3,000円未満",満足,"品揃えは中々良いが
道の駅南越前山海里よりは劣る",満足,土産も中々揃う,感じなかった,車で行くにも大通り沿いなので､生きやすかった。,9,海鮮の土産が多かったので　おすすめしたい。,飲食店　地場のものを提供している店出店してみたら食べてみたい。,また行きたい（1年以内）,駅弁とかを道の駅で販売してみたら面白いかもしれない。
144692,道の駅「南えちぜん山海里」 エリア,男,2001,22,20代,大阪府,大阪市旭区,100万円未満,pc/others,2023-10-01 10:51:21,10月,北陸新幹線 越前たけふ駅 エリア,38.北陸新幹線 越前たけふ駅 エリア,越前市,丹南,,1泊,1泊,三国・あわらエリア（あわら市・坂井市）,福井県外には宿泊しない,友人,"ドライブ・ツーリング
",0,0,0,0,0,0,0,0,0,0,0,0,0,0,1,0,0,0,"自家用車
",1,0,0,0,0,0,0,0,"自家用車
",1,0,0,0,0,0,0,0,0,,,"10,000円以上 20,000円未満","3,000円以上 5,000円未満","10,000円以上 20,000円未満",初めて,"インターネット・アプリ
",0,0,0,0,0,1,0,0,0,0,0,0,0,0,0,道の駅「南えちぜん山海里」,,西山動物園,,"1,000円以上 3,000円未満",満足,"地場の野菜も良いが　もう少し土産　販売して欲しかった
魚の土産や海鮮系はかなり多かったので、そこは良かった。",とても満足,駅が綺麗でものすごく良かった,感じなかった,,7,土産が少し揃うくらい,,また行きたい（1年以内）,道の駅にも駅弁売っていたら嬉しい
144119,熊川宿 エリア,女,1975,48,40代,福井県,福井市,300万円以上 400万円未満,mobile/iphone,2023-10-01 10:36:10,10月,金ヶ崎 エリア,64.金ヶ崎 エリア,敦賀市,嶺南東部,,日帰り,福井県内には宿泊しない,福井県内には宿泊しない,福井県外には宿泊しない,恋人,"買い物、アウトレット
",0,0,0,0,0,0,1,0,0,0,0,0,0,0,0,0,0,0,"自家用車
",1,0,0,0,0,0,0,0,"自家用車
",1,0,0,0,0,0,0,0,0,満足,,"1,000円未満","1,000円未満","1,000円未満",2～5回目,"観光展・物産展
",1,0,0,0,0,0,0,0,0,0,0,0,0,0,0,選択なし/該当施設なし,,選択なし/該当施設なし,,"1,000円未満",満足,,満足,,感じなかった,,5,,,また行きたい（1年以内）,
144119,熊川宿 エリア,女,1975,48,40代,福井県,福井市,300万円以上 400万円未満,mobile/iphone,2023-10-01 10:35:17,10月,JR敦賀駅前 エリア,63.JR敦賀駅前 エリア,敦賀市,嶺南東部,,日帰り,福井県内には宿泊しない,福井県内には宿泊しない,福井県外には宿泊しない,恋人,"買い物、アウトレット
",0,0,0,0,0,0,1,0,0,0,0,0,0,0,0,0,0,0,"自家用車
",1,0,0,0,0,0,0,0,"自家用車
",1,0,0,0,0,0,0,0,0,,,"1,000円未満","1,000円未満","1,000円未満",2～5回目,"観光展・物産展
",1,0,0,0,0,0,0,0,0,0,0,0,0,0,0,選択なし/該当施設なし,,選択なし/該当施設なし,,"1,000円未満",満足,,満足,,感じなかった,,5,,,また行きたい（1年以内）,
144688,小浜 エリア（宿泊施設）,女,1969,54,50代,愛知県,豊明市,200万円以上 300万円未満,mobile/iphone,2023-10-01 10:33:44,10月,小浜 エリア（宿泊施設）,69.小浜 エリア（宿泊施設）,小浜市,嶺南西部,(株)まちづくり小浜,1泊,1泊,嶺南エリア（敦賀市・美浜町・若狭町・小浜市・おおい町・高浜町）,福井県外には宿泊しない,夫婦2人,"お祭りやイベントへの参加・見物
",0,0,0,0,0,0,0,1,0,0,0,0,0,0,0,0,0,0,"自家用車
",1,0,0,0,0,0,0,0,"自家用車
",1,0,0,0,0,0,0,0,0,,,"50,000円以上 100,000円未満","10,000円以上 20,000円未満","20,000円以上 30,000円未満",初めて,"インターネット・アプリ
",0,0,0,0,0,1,0,0,0,0,0,0,0,0,0,越前大野城,,レインボーライン,,"30,000円以上 40,000円未満",満足,"アメニティーをもう少し充実してほしい。
ヘアブラシやシェイバーがなくて不便を感じました。",とても満足,"幼少時代から一年に一回はお墓参りに大野市へ来ています。昔は大野祭りがとても楽しみでした！小浜市へは今回が初めてでしたが、とても素敵な所でビックリしました。
今回は大好きなピアノジャックが来る！という事で主人と2人でお墓参りを兼ねてこちらを利用させて頂きました！町の皆さんがイキイキ働いて元気をもらいました！",感じた,シェイバーとヘアブラシが無かった事くらい。,10,"人がとにかく暖かい！オシャレで大人向けのカフェやお店が沢山ある所。
チケットで緑茶房を利用させて頂きました。ママが気さくで感じが良かったのです朝のモーニング時間を気持ち良く過ごす事が出来ました！",,また行きたい（1年以内）,
144689,道の駅「南えちぜん山海里」 エリア,男,2001,22,20代,大阪府,高槻市,"900万円以上 1,000万円未満",mobile/iphone,2023-10-01 10:32:47,10月,北陸新幹線 越前たけふ駅 エリア,38.北陸新幹線 越前たけふ駅 エリア,越前市,丹南,,1泊,1泊,三国・あわらエリア（あわら市・坂井市）,福井県外には宿泊しない,恋人,"ドライブ・ツーリング
",0,0,0,0,0,0,0,0,0,0,0,0,0,0,1,0,0,0,"自家用車
",1,0,0,0,0,0,0,0,"自家用車
",1,0,0,0,0,0,0,0,0,,,使わない,"5,000円以上 10,000円未満","3,000円以上 5,000円未満",初めて,"友人・知人
",0,0,0,0,0,0,0,0,0,0,1,0,0,0,0,選択なし/該当施設なし,,選択なし/該当施設なし,,"1,000円以上 3,000円未満",満足,,満足,,感じなかった,,5,,,また行きたい（1年以内）,
144119,熊川宿 エリア,女,1975,48,40代,福井県,福井市,300万円以上 400万円未満,mobile/iphone,2023-10-01 10:30:33,10月,花の駅 ゆりの里公園 エリア,14.花の駅 ゆりの里公園 エリア,坂井市,あわら市・坂井市,(一社)DMOさかい観光局,日帰り,福井県内には宿泊しない,福井県内には宿泊しない,福井県外には宿泊しない,恋人,"買い物、アウトレット
",0,0,0,0,0,0,1,0,0,0,0,0,0,0,0,0,0,0,"自家用車
",1,0,0,0,0,0,0,0,"自家用車
",1,0,0,0,0,0,0,0,0,,,"1,000円未満","1,000円未満","1,000円未満",6～10回目,"観光展・物産展
",1,0,0,0,0,0,0,0,0,0,0,0,0,0,0,選択なし/該当施設なし,,選択なし/該当施設なし,,"1,000円未満",満足,,満足,,感じなかった,,5,,,また行きたい（1年以内）,
144157,web,男,1973,50,50代,福井県,坂井市,500万円以上 600万円未満,mobile/android,2023-10-01 10:29:43,10月,花の駅 ゆりの里公園 エリア,14.花の駅 ゆりの里公園 エリア,坂井市,あわら市・坂井市,(一社)DMOさかい観光局,日帰り,福井県内には宿泊しない,福井県内には宿泊しない,福井県外には宿泊しない,恋人,"お祭りやイベントへの参加・見物
",0,0,0,0,0,0,0,1,0,0,0,0,0,0,0,0,0,0,"県外から訪れていない（福井県在住）
",0,0,0,0,0,0,1,0,"自家用車
",1,0,0,0,0,0,0,0,0,,,使わない,使わない,"1,000円未満",11回目以上,"インターネット・アプリ
",0,0,0,0,0,1,0,0,0,0,0,0,0,0,0,選択なし/該当施設なし,,選択なし/該当施設なし,,使わない,満足,,満足,,感じなかった,,7,,,,
144694,スーベニアショップ ラプトル エリア,女,1984,39,30代,兵庫県,神戸市垂水区,400万円以上 500万円未満,mobile/iphone,2023-10-01 10:15:05,10月,スーベニアショップ ラプトル エリア,25.スーベニアショップ ラプトル エリア,勝山市,勝山市・大野市,勝山市観光まちづくり(株),2泊,2泊,奥越前エリア（勝山市・大野市）,福井県外には宿泊しない,職場の同僚,"テーマパーク（遊園地、動物園、博物館など）
",0,0,0,0,0,1,0,0,0,0,0,0,0,0,0,0,0,0,"在来線
",0,0,0,1,0,0,0,0,"路線バス
",0,0,0,0,0,1,0,0,0,とても満足,恐竜バスとぐるりんバスが楽しく正確に安く使えて良かったです,"10,000円以上 20,000円未満","10,000円以上 20,000円未満","10,000円以上 20,000円未満",2～5回目,"インターネット・アプリ
観光協会等の案内所
宿泊施設
",0,0,0,0,0,1,0,0,0,0,0,1,0,1,0,福井県立恐竜博物館,,福井県立恐竜博物館,,"3,000円以上 5,000円未満",とても満足,いろんな種類の土産が選べて楽しかったです,とても満足,朝早くから開いていて綺麗でとても助かりますました。,感じなかった,,10,とにかく楽しい,,また行きたい（1年以内）,
144661,スーベニアショップ ラプトル エリア,女,1993,30,30代,東京都,新宿区,"1,000万円以上 1,200万円未満",mobile/android,2023-10-01 10:14:58,10月,東尋坊 エリア,10.東尋坊 エリア,坂井市,あわら市・坂井市,(一社)DMOさかい観光局,1泊,1泊,三国・あわらエリア（あわら市・坂井市）,福井県外には宿泊しない,親,"テーマパーク（遊園地、動物園、博物館など）
",0,0,0,0,0,1,0,0,0,0,0,0,0,0,0,0,0,0,"新幹線
",0,0,1,0,0,0,0,0,"レンタカー
",0,1,0,0,0,0,0,0,0,満足,,"20,000円以上 30,000円未満","30,000円以上 40,000円未満","10,000円以上 20,000円未満",初めて,"新聞・雑誌・ガイドブック
",0,1,0,0,0,0,0,0,0,0,0,0,0,0,0,あわら温泉街,,金沢駅周辺（石川県）,,"1,000円以上 3,000円未満",満足,,満足,,感じなかった,,8,,,また行きたい（1年以内）,
144695,スーベニアショップ ラプトル エリア,女,1971,52,50代,兵庫県,西宮市,500万円以上 600万円未満,mobile/iphone,2023-10-01 10:14:34,10月,スーベニアショップ ラプトル エリア,25.スーベニアショップ ラプトル エリア,勝山市,勝山市・大野市,勝山市観光まちづくり(株),2泊,2泊,奥越前エリア（勝山市・大野市）,福井県外には宿泊しない,職場の同僚,"テーマパーク（遊園地、動物園、博物館など）
",0,0,0,0,0,1,0,0,0,0,0,0,0,0,0,0,0,0,"在来線
",0,0,0,1,0,0,0,0,"路線バス
",0,0,0,0,0,1,0,0,0,とても満足,コミュニティバスの料金が安くて、時間通りに来てくれた。,"10,000円以上 20,000円未満","10,000円以上 20,000円未満","10,000円以上 20,000円未満",初めて,"友人・知人
",0,0,0,0,0,0,0,0,0,0,1,0,0,0,0,福井県立恐竜博物館,,選択なし/該当施設なし,,"1,000円以上 3,000円未満",満足,可愛い恐竜グッズをたくさん置いている,満足,きれいである。,感じなかった,,10,恐竜博物館が素晴らしかった,,また行きたい（1年以内）,大仏も推していいと思う
144157,web,男,1973,50,50代,福井県,坂井市,500万円以上 600万円未満,mobile/android,2023-10-01 10:05:22,10月,JR敦賀駅前 エリア,63.JR敦賀駅前 エリア,敦賀市,嶺南東部,,日帰り,福井県内には宿泊しない,福井県内には宿泊しない,福井県外には宿泊しない,恋人,"お祭りやイベントへの参加・見物
",0,0,0,0,0,0,0,1,0,0,0,0,0,0,0,0,0,0,"県外から訪れていない（福井県在住）
",0,0,0,0,0,0,1,0,"自家用車
",1,0,0,0,0,0,0,0,0,,,使わない,使わない,"1,000円未満",11回目以上,"インターネット・アプリ
",0,0,0,0,0,1,0,0,0,0,0,0,0,0,0,選択なし/該当施設なし,,選択なし/該当施設なし,,使わない,どちらでもない,,どちらでもない,,感じなかった,,5,,,,
144157,web,男,1973,50,50代,福井県,坂井市,500万円以上 600万円未満,mobile/android,2023-10-01 10:04:23,10月,金ヶ崎 エリア,64.金ヶ崎 エリア,敦賀市,嶺南東部,,日帰り,福井県内には宿泊しない,福井県内には宿泊しない,福井県外には宿泊しない,恋人,"お祭りやイベントへの参加・見物
",0,0,0,0,0,0,0,1,0,0,0,0,0,0,0,0,0,0,"県外から訪れていない（福井県在住）
",0,0,0,0,0,0,1,0,"自家用車
",1,0,0,0,0,0,0,0,0,,,使わない,使わない,"1,000円未満",2～5回目,"インターネット・アプリ
",0,0,0,0,0,1,0,0,0,0,0,0,0,0,0,選択なし/該当施設なし,,選択なし/該当施設なし,,"1,000円未満",どちらでもない,,どちらでもない,,感じなかった,,5,,,,
144692,道の駅「南えちぜん山海里」 エリア,男,2001,22,20代,大阪府,大阪市旭区,100万円未満,mobile/iphone,2023-10-01 09:51:30,10月,道の駅「南えちぜん山海里」 エリア,58.道の駅「南えちぜん山海里」 エリア,南越前町,丹南,,1泊,1泊,三国・あわらエリア（あわら市・坂井市）,福井県外には宿泊しない,友人,"温泉や露天風呂
ドライブ・ツーリング
",0,1,0,0,0,0,0,0,0,0,0,0,0,0,1,0,0,0,"自家用車
",1,0,0,0,0,0,0,0,"自家用車
",1,0,0,0,0,0,0,0,0,とても満足,動きやすい,"10,000円以上 20,000円未満","3,000円以上 5,000円未満","10,000円以上 20,000円未満",2～5回目,"インターネット・アプリ
",0,0,0,0,0,1,0,0,0,0,0,0,0,0,0,敦賀赤レンガ倉庫,,越前大野城,,"3,000円以上 5,000円未満",満足,綺麗､見やすい,とても満足,綺麗だった。,感じなかった,,10,福井の土産が揃う,問題なく良いと思う,また行きたい（1年以内）,程よく見所が散らばっていて良い
144689,道の駅「南えちぜん山海里」 エリア,男,2001,22,20代,大阪府,高槻市,"900万円以上 1,000万円未満",mobile/iphone,2023-10-01 09:35:08,10月,道の駅「南えちぜん山海里」 エリア,58.道の駅「南えちぜん山海里」 エリア,南越前町,丹南,,1泊,1泊,三国・あわらエリア（あわら市・坂井市）,福井県外には宿泊しない,恋人,"地元の美味しいものを食べる
名所、旧跡の観光
テーマパーク（遊園地、動物園、博物館など）
ドライブ・ツーリング
",0,0,1,0,1,1,0,0,0,0,0,0,0,0,1,0,0,0,"自家用車
",1,0,0,0,0,0,0,0,"自家用車
",1,0,0,0,0,0,0,0,0,,,使わない,"5,000円以上 10,000円未満","3,000円以上 5,000円未満",初めて,"友人・知人
",0,0,0,0,0,0,0,0,0,0,1,0,0,0,0,選択なし/該当施設なし,,選択なし/該当施設なし,,"1,000円以上 3,000円未満",満足,,満足,,感じなかった,,6,,,また行きたい（1年以内）,
144687,越前海岸 越前岬 エリア,女,1966,57,50代,滋賀県,大津市,"900万円以上 1,000万円未満",mobile/iphone,2023-10-01 09:30:46,10月,越前海岸 越前岬 エリア,53.越前海岸 越前岬 エリア,越前町,丹南,一般社団法人 越前町観光連盟,1泊,1泊,三国・あわらエリア（あわら市・坂井市）,福井県外には宿泊しない,夫婦2人,"宿でのんびり過ごす
",1,0,0,0,0,0,0,0,0,0,0,0,0,0,0,0,0,0,"自家用車
",1,0,0,0,0,0,0,0,"自家用車
",1,0,0,0,0,0,0,0,0,とても満足,,"20,000円以上 30,000円未満","10,000円以上 20,000円未満","10,000円以上 20,000円未満",2～5回目,"新聞・雑誌・ガイドブック
Instagram
",0,1,0,0,0,0,0,1,0,0,0,0,0,0,0,大本山永平寺,,氣比神宮,,"3,000円以上 5,000円未満",満足,"道の駅が、もう少し充実していれば嬉しいです。
河野は、寂しくなっていたような。",満足,"何度も行ってますが、少し寂しい感じがしました。
継続の大変さを実感しました。",感じた,ランチを食べるとかに迷いました。,7,"無料の駐車場も多かったし、堤防つりを進めたいです。
今回は海岸線走ったので、実感しました。","やはり、昼ごはんの場所です。
安心して食べらる、ランチの充実を祈ります。",また行きたい（1年以内）,"福井を近いので何度か行ってます。
これから越前が進化して楽しませていただきたいです。"
144680,福井駅前 エリア,女,1973,50,50代,福井県,福井市,100万円以上 200万円未満,mobile/android,2023-10-01 09:27:53,10月,福井駅前 エリア,01.福井駅前 エリア,福井市,福井市・永平寺町,,日帰り,福井県内には宿泊しない,福井県内には宿泊しない,福井県外には宿泊しない,自分ひとり,"スポーツ観戦や芸能鑑賞（コンサート等）
",0,0,0,0,0,0,0,0,1,0,0,0,0,0,0,0,0,0,"県外から訪れていない（福井県在住）
",0,0,0,0,0,0,1,0,"自家用車
",1,0,0,0,0,0,0,0,0,,,"3,000円以上 5,000円未満","1,000円未満",使わない,2～5回目,"その他
",0,0,0,0,0,0,0,0,0,0,0,0,0,0,主催者発行のチラシ,選択なし/該当施設なし,,選択なし/該当施設なし,,"3,000円以上 5,000円未満",どちらでもない,今回全部で4席ありましたが、4席中最後の4席目(とり)が理解出来なくて、眠くなってしまいました。でも、4席中3席は楽しめたので、真ん中の回答を選びました。,とても満足,長時間座っていても、お尻の痛みを感じない所。,感じた,駅前は駐車場が無料ではないので、車や電車で来ると駐車料金や電車賃と言った料金が発生する所。,5,"ハピリンの2Fにあるお土産売場は薦められると思う場所ですが、そもそもあそこの存在が知られているのか？知らずにスルーされていないか？がとても心配。初めて福井に来た人にはあの場所は分かりずらいのではないかなぁ？という気がします。
し、休憩スペースはとても必要ですが、あのフリースペースのテーブルやイスは地元の高校生向け用かなぁ？と思えて。県外の人が多く利用するJRの駅の施設とは思いにくい。",,福井県在住,私はJRの駅で重要なのはお土産売場だと思っています。県外から来た人にとってお土産は必須なので、広いお土産売場は必須です。以前のプリズム福井は全然良いと思いませんでした。こんなにワクワクしないお土産売場はないと感じていました。
144690,道の駅「南えちぜん山海里」 エリア,男,2001,22,20代,大阪府,大阪市旭区,100万円未満,mobile/iphone,2023-10-01 09:27:10,10月,道の駅「南えちぜん山海里」 エリア,58.道の駅「南えちぜん山海里」 エリア,南越前町,丹南,,1泊,1泊,三国・あわらエリア（あわら市・坂井市）,福井県外には宿泊しない,友人,"地元の美味しいものを食べる
名所、旧跡の観光
ドライブ・ツーリング
",0,0,1,0,1,0,0,0,0,0,0,0,0,0,1,0,0,0,"自家用車
",1,0,0,0,0,0,0,0,"自家用車
",1,0,0,0,0,0,0,0,0,とても満足,綺麗　土産の種類多い,"10,000円以上 20,000円未満","5,000円以上 10,000円未満","10,000円以上 20,000円未満",2～5回目,"インターネット・アプリ
",0,0,0,0,0,1,0,0,0,0,0,0,0,0,0,敦賀赤レンガ倉庫,,かずら橋,,"3,000円以上 5,000円未満",とても満足,商品が見やすい,とても満足,文句なし,感じなかった,ない,10,土産がめっちゃ揃います。,,また行きたい（1年以内）,十分に良い
144682,web,女,1974,49,40代,兵庫県,三田市,700万円以上 800万円未満,mobile/iphone,2023-10-01 08:49:08,10月,大安禅寺 エリア,08.大安禅寺 エリア,福井市,福井市・永平寺町,,1泊,1泊,福井エリア（福井市・永平寺町）,福井県外には宿泊しない,友人,"お祭りやイベントへの参加・見物
",0,0,0,0,0,0,0,1,0,0,0,0,0,0,0,0,0,0,"自家用車
",1,0,0,0,0,0,0,0,"自家用車
",1,0,0,0,0,0,0,0,0,満足,,"5,000円以上 10,000円未満","5,000円以上 10,000円未満","10,000円以上 20,000円未満",2～5回目,"友人・知人
",0,0,0,0,0,0,0,0,0,0,1,0,0,0,0,選択なし/該当施設なし,さんドーム福井,越前大仏,,"1,000円以上 3,000円未満",満足,,満足,,感じなかった,,7,,,機会があれば行きたい,"温泉施設(銭湯的な)市街地にもあれば嬉しい。
ビジネスホテルとかに泊まる時に外風呂施設や露天風呂とか入れたらよりいいかな。"
144594,web,女,1963,60,60代,滋賀県,大津市,700万円以上 800万円未満,mobile/iphone,2023-10-01 08:36:52,10月,道の駅「恐竜渓谷かつやま」 エリア,26.道の駅「恐竜渓谷かつやま」 エリア,勝山市,勝山市・大野市,勝山市観光まちづくり(株),2泊,2泊,奥越前エリア（勝山市・大野市）,福井県外には宿泊しない,自分ひとり,"ドライブ・ツーリング
",0,0,0,0,0,0,0,0,0,0,0,0,0,0,1,0,0,0,"自家用車
",1,0,0,0,0,0,0,0,"自家用車
",1,0,0,0,0,0,0,0,0,とても満足,綺麗で必要なものが揃っているから,"10,000円以上 20,000円未満","3,000円以上 5,000円未満","20,000円以上 30,000円未満",2～5回目,"インターネット・アプリ
",0,0,0,0,0,1,0,0,0,0,0,0,0,0,0,丸岡城,,福井県立恐竜博物館,,"1,000円未満",どちらでもない,閉まっていたから,とても満足,,感じなかった,,10,周りの山と恐竜オブジェとか雰囲気に合っているから,"イベントは行われているのでしょうか？
もし行われているなら情報のツールかあればと思いました。",また行きたい（1年以内）,道がかだかだで走りにくいところがある
144623,web,男,1955,68,60代,滋賀県,大津市,800万円以上 900万円未満,mobile/android,2023-10-01 08:34:49,10月,道の駅「恐竜渓谷かつやま」 エリア,26.道の駅「恐竜渓谷かつやま」 エリア,勝山市,勝山市・大野市,勝山市観光まちづくり(株),2泊,2泊,奥越前エリア（勝山市・大野市）,福井県外には宿泊しない,夫婦2人,"名所、旧跡の観光
",0,0,0,0,1,0,0,0,0,0,0,0,0,0,0,0,0,0,"自家用車
",1,0,0,0,0,0,0,0,"自家用車
",1,0,0,0,0,0,0,0,0,,,"10,000円以上 20,000円未満","5,000円以上 10,000円未満","40,000円以上 50,000円未満",2～5回目,"友人・知人
",0,0,0,0,0,0,0,0,0,0,1,0,0,0,0,丸岡城,,越前大野城,,"1,000円未満",とても満足,,とても満足,,感じなかった,,10,,,また行きたい（1年以内）,
144681,大安禅寺 エリア,女,1970,53,50代,兵庫県,三田市,600万円以上 700万円未満,mobile/iphone,2023-10-01 08:23:22,10月,大安禅寺 エリア,08.大安禅寺 エリア,福井市,福井市・永平寺町,,1泊,1泊,福井エリア（福井市・永平寺町）,福井県外には宿泊しない,友人,"スポーツ観戦や芸能鑑賞（コンサート等）
",0,0,0,0,0,0,0,0,1,0,0,0,0,0,0,0,0,0,"自家用車
",1,0,0,0,0,0,0,0,"自家用車
",1,0,0,0,0,0,0,0,0,,,"20,000円以上 30,000円未満","5,000円以上 10,000円未満","10,000円以上 20,000円未満",2～5回目,"観光パンフレット・ポスター
宿泊施設
",0,0,0,1,0,0,0,0,0,0,0,0,0,1,0,選択なし/該当施設なし,紫ゆかりの館,越前大仏,,"3,000円以上 5,000円未満",とても満足,,とても満足,,感じなかった,,9,,,また行きたい（1年以内）,
121485,web,男,1968,55,50代,三重県,四日市市,"1,500万円以上",mobile/iphone,2023-10-01 07:51:34,10月,大安禅寺 エリア,08.大安禅寺 エリア,福井市,福井市・永平寺町,,1泊,1泊,福井エリア（福井市・永平寺町）,福井県外には宿泊しない,自分ひとり,"宿でのんびり過ごす
温泉や露天風呂
地元の美味しいものを食べる
ドライブ・ツーリング
",1,1,1,0,0,0,0,0,0,0,0,0,0,0,1,0,0,0,"自家用車
",1,0,0,0,0,0,0,0,"自家用車
",1,0,0,0,0,0,0,0,0,,,"5,000円以上 10,000円未満","5,000円以上 10,000円未満","10,000円以上 20,000円未満",初めて,"インターネット・アプリ
",0,0,0,0,0,1,0,0,0,0,0,0,0,0,0,越前大野城,,敦賀赤レンガ倉庫,,"5,000円以上 10,000円未満",とても満足,宿の方が親切だった,満足,静かでいい所だったから。,感じなかった,,5,温泉がいい,飲食店があるといい（夜営業しているお店）,また行きたい（1年以内）,美味しいカニを食べたい
144677,web,男,1978,45,40代,愛知県,名古屋市名東区,"1,000万円以上 1,200万円未満",mobile/iphone,2023-10-01 07:38:08,10月,一乗谷朝倉氏遺跡 エリア,06.一乗谷朝倉氏遺跡 エリア,福井市,福井市・永平寺町,,1泊,1泊,福井エリア（福井市・永平寺町）,福井県外には宿泊しない,小学生以下連れの家族,"テーマパーク（遊園地、動物園、博物館など）
",0,0,0,0,0,1,0,0,0,0,0,0,0,0,0,0,0,0,"自家用車
",1,0,0,0,0,0,0,0,"自家用車
",1,0,0,0,0,0,0,0,0,,,"10,000円以上 20,000円未満","20,000円以上 30,000円未満","10,000円以上 20,000円未満",初めて,"観光展・物産展
",1,0,0,0,0,0,0,0,0,0,0,0,0,0,0,選択なし/該当施設なし,,選択なし/該当施設なし,,"10,000円以上 20,000円未満",満足,,満足,,感じなかった,,8,,,また行きたい（1年以内）,
103315,日本海さかな街 エリア,女,1962,61,60代,福井県,福井市,分からない/無回答,mobile/android,2023-10-01 07:17:06,10月,道の駅「南えちぜん山海里」 エリア,58.道の駅「南えちぜん山海里」 エリア,南越前町,丹南,,日帰り,福井県内には宿泊しない,福井県内には宿泊しない,福井県外には宿泊しない,夫婦2人,"買い物、アウトレット
ドライブ・ツーリング
",0,0,0,0,0,0,1,0,0,0,0,0,0,0,1,0,0,0,"県外から訪れていない（福井県在住）
",0,0,0,0,0,0,1,0,"自家用車
",1,0,0,0,0,0,0,0,0,,,使わない,"3,000円以上 5,000円未満","3,000円以上 5,000円未満",11回目以上,"その他
",0,0,0,0,0,0,0,0,0,0,0,0,0,0,よく買い物に来ます,選択なし/該当施設なし,,選択なし/該当施設なし,,"1,000円以上 3,000円未満",満足,,満足,,感じなかった,,7,,,また行きたい（1年以内）,
144659,一乗谷朝倉氏遺跡 エリア,女,1993,30,30代,滋賀県,大津市,500万円以上 600万円未満,mobile/android,2023-10-01 00:49:54,10月,一乗谷朝倉氏遺跡 エリア,06.一乗谷朝倉氏遺跡 エリア,福井市,福井市・永平寺町,,日帰り,福井県内には宿泊しない,福井県内には宿泊しない,福井県外には宿泊しない,夫婦2人,"名所、旧跡の観光
ドライブ・ツーリング
その他
",0,0,0,0,1,0,0,0,0,0,0,0,0,0,1,0,0,ドライブスタンプラリー,"自家用車
",1,0,0,0,0,0,0,0,"自家用車
",1,0,0,0,0,0,0,0,0,,,使わない,使わない,"5,000円以上 10,000円未満",初めて,"インターネット・アプリ
",0,0,0,0,0,1,0,0,0,0,0,0,0,0,0,選択なし/該当施設なし,,越前大野城,,使わない,満足,,満足,,感じた,道路が一通だったり民家を通ったりと少しわかりにくかったので、看板を手前から表示してもらえると安心できます。,7,遺跡エリア周辺の単線線路、駅舎などが風情があり良かった,当時の食体験,また行きたい（1年以内）,海鮮、山の幸、地元の名産品
144674,一乗谷朝倉氏遺跡 エリア,男,1961,62,60代,埼玉県,戸田市,400万円以上 500万円未満,mobile/iphone,2023-10-01 00:24:54,10月,一乗谷朝倉氏遺跡 エリア,06.一乗谷朝倉氏遺跡 エリア,福井市,福井市・永平寺町,,1泊,1泊,三国・あわらエリア（あわら市・坂井市）,福井県外には宿泊しない,夫婦2人,"宿でのんびり過ごす
温泉や露天風呂
地元の美味しいものを食べる
名所、旧跡の観光
買い物、アウトレット
",1,1,1,0,1,0,1,0,0,0,0,0,0,0,0,0,0,0,"レンタカー
飛行機
",0,1,0,0,1,0,0,0,"レンタカー
",0,1,0,0,0,0,0,0,0,満足,,"10,000円以上 20,000円未満","20,000円以上 30,000円未満","10,000円以上 20,000円未満",初めて,"インターネット・アプリ
",0,0,0,0,0,1,0,0,0,0,0,0,0,0,0,道の駅「一乗谷あさくら水の駅」,,選択なし/該当施設なし,,"1,000円未満",満足,,満足,,感じた,,10,,,また行きたい（1年以内）,
