会員ID,登録エリア,性別,生まれ年,回答時の年齢,年代,都道府県,会員市町村,世帯年収,UA,回答日時,回答月,回答エリア,回答エリア2,市町村,6分類,DMO,宿泊数（全体）,宿泊数（県内）,宿泊エリア（県内）,宿泊エリア（県外）,同行者,訪問目的ALL,宿でのんびり過ごす,温泉や露天風呂,地元の美味しいものを食べる,花見や紅葉などの自然鑑賞,名所、旧跡の観光,テーマパーク（遊園地、動物園、博物館など）,買い物、アウトレット,お祭りやイベントへの参加・見物,スポーツ観戦や芸能鑑賞（コンサート等）,アウトドア（海水浴、釣り、登山など）,まちあるき、都市散策,各種体験（手作り、果物狩りなど）,スキー・スノボ、マリンスポーツ,その他スポーツ（ゴルフ、テニスなど）,ドライブ・ツーリング,友人・親戚を尋ねる,出張など仕事関係,その他,福井県までの交通手段ALL,自家用車,レンタカー,新幹線,在来線,飛行機,旅行会社ツアーバス,県外から訪れていない（福井県在住）,福井県内での交通手段ALL,タクシー,路線バス,徒歩,レンタサイクル,福井県内での交通手段の満足度,福井県内での交通手段の満足度の理由,宿泊費,交通費,県内消費額,エリア訪問回数,情報収集ALL,観光展・物産展,新聞・雑誌・ガイドブック,TV・ラジオ番組やCM,観光パンフレット・ポスター,観光連盟やDMOのHP,インターネット・アプリ,Twitter,Instagram,Facebook,ブログ,友人・知人,観光協会等の案内所,タクシードライバーや地元の人,宿泊施設,アンケート回答前に訪問した主な場所,アンケート回答前に訪問した主な場所FA,アンケート回答後に訪問する予定の主な場所,エリア総消費額,満足度(商品・サービス),満足度(商品・サービス)の理由,満足度,満足度の理由,不便さ,不便さの内容,NPS,推奨項目,施設に求めるもの,今後の来訪意向,福井県に求めるもの
198504,あわら湯のまち エリア,女,1961,65,60代,福島県,福島市,200万円以上 300万円未満,mobile/android,2026-03-26 22:18:36,3月,あわら湯のまち エリア,17.あわら湯のまち エリア,あわら市,あわら市・坂井市,,2泊,2泊,三国・あわらエリア（あわら市・坂井市）,福井県外には宿泊しない,夫婦2人,"名所、旧跡の観光
",0,0,0,0,1,0,0,0,0,0,0,0,0,0,0,0,0,0,"新幹線
",0,1,1,0,0,0,0,"レンタカー
",0,0,0,0,満足,利便性からベスト,"30,000円以上 40,000円未満","30,000円以上 40,000円未満","20,000円以上 30,000円未満",初めて,"インターネット・アプリ
",0,0,0,0,0,1,0,0,0,0,0,0,0,0,丸岡城,,一乗谷朝倉氏遺跡,"20,000円以上 30,000円未満",満足,食事がおいしかった,満足,"以前から来たかったところなので丸岡城が見られて良かった。
現在12天守であり、震災での倒壊からの復興のことも感銘を受けた。

",感じなかった,,10,"温泉の良さと福井のグルメについて。
今回は、お城巡りも目的なので、その良さも伝えたい。","羽二重餅をお土産にしたい
海鮮を食べたい
温泉が楽しみ
",機会があれば行きたい,"越前がにはぜひ食べてみたいが、
今回は予算オーバーでした。"
198503,web,無回答,1980,46,40代,愛知県,名古屋市緑区,700万円以上 800万円未満,mobile/android,2026-03-26 19:46:59,3月,名勝 養浩館庭園 エリア,04.名勝 養浩館庭園 エリア,福井市,福井市・永平寺町,,1泊,1泊,福井エリア（福井市・永平寺町）,福井県外には宿泊しない,中学生以上連れの家族,"宿でのんびり過ごす
地元の美味しいものを食べる
名所、旧跡の観光
",1,0,1,0,1,0,0,0,0,0,0,0,0,0,0,0,0,0,"自家用車
",1,0,0,0,0,0,0,"自家用車
",0,0,0,0,,,"20,000円以上 30,000円未満","3,000円以上 5,000円未満","5,000円以上 10,000円未満",初めて,"新聞・雑誌・ガイドブック
観光パンフレット・ポスター
インターネット・アプリ
",0,1,0,1,0,1,0,0,0,0,0,0,0,0,選択なし/該当施設なし,,選択なし/該当施設なし,"1,000円未満",満足,駐車場も無料で空いてて良い。,満足,,感じなかった,,5,,飲食できる所がなかったので、あると良いです。,機会があれば行きたい,福井名物が試食できるところがあると嬉しい。
198502,道の駅「恐竜渓谷かつやま」 エリア,男,1961,65,60代,兵庫県,加古川市,"900万円以上 1,000万円未満",mobile/iphone,2026-03-26 19:34:41,3月,道の駅「恐竜渓谷かつやま」 エリア,26.道の駅「恐竜渓谷かつやま」 エリア,勝山市,勝山市・大野市,勝山市観光まちづくり(株),2泊,2泊,福井エリア（福井市・永平寺町）,福井県外には宿泊しない,自分ひとり,"スキー・スノボ、マリンスポーツ
",0,0,0,0,0,0,0,0,0,0,0,0,1,0,0,0,0,0,"自家用車
",1,0,0,0,0,0,0,"自家用車
",0,0,0,0,,,"20,000円以上 30,000円未満","10,000円以上 20,000円未満","10,000円以上 20,000円未満",11回目以上,"インターネット・アプリ
Instagram
",0,0,0,0,0,1,0,1,0,0,0,0,0,0,日本海さかな街,,若狭フィッシャーマンズワーフ,"5,000円以上 10,000円未満",どちらでもない,飲食店が少ない、営業時間が短い,どちらでもない,,感じなかった,,7,,,機会があれば行きたい,
198501,大本山 永平寺 エリア,女,1964,62,60代,東京都,大田区,分からない/無回答,mobile/android,2026-03-26 18:54:30,3月,大本山 永平寺 エリア,34.大本山 永平寺 エリア,永平寺町,福井市・永平寺町,,2泊,2泊,三国・あわらエリア（あわら市・坂井市）,福井県外には宿泊しない,中学生以上連れの家族,"名所、旧跡の観光
テーマパーク（遊園地、動物園、博物館など）
",0,0,0,0,1,1,0,0,0,0,0,0,0,0,0,0,0,0,"旅行会社ツアーバス
",0,0,0,0,0,1,0,"旅行会社ツアーバス
",0,0,0,0,とても満足,,"10,000円以上 20,000円未満","30,000円以上 40,000円未満","10,000円以上 20,000円未満",2～5回目,"新聞・雑誌・ガイドブック
",0,1,0,0,0,0,0,0,0,0,0,0,0,0,福井駅,,丸岡城,使わない,満足,,満足,,感じなかった,,10,,,機会があれば行きたい,
198500,一乗谷朝倉氏遺跡 エリア,男,1962,64,60代,大阪府,豊中市,"1,500万円以上",mobile/iphone,2026-03-26 18:51:53,3月,名田庄 エリア,86.名田庄 エリア,おおい町,嶺南西部,,1泊,1泊,越前エリア（越前市・越前町・鯖江市・池田町・南越前町）,福井県外には宿泊しない,夫婦2人,"その他
",0,0,0,0,0,0,0,0,0,0,0,0,0,0,0,0,0,0,"自家用車
",1,0,0,0,0,0,0,"自家用車
",0,0,0,0,とても満足,,"3,000円以上 5,000円未満","3,000円以上 5,000円未満","3,000円以上 5,000円未満",初めて,"Twitter
",0,0,0,0,0,0,1,0,0,0,0,0,0,0,選択なし/該当施設なし,,福井県こども家族館,"1,000円未満",とても満足,万博のアトラクションが良かった,とても満足,,感じなかった,,10,,,また行きたい（1年以内）,
198500,一乗谷朝倉氏遺跡 エリア,男,1962,64,60代,大阪府,豊中市,"1,500万円以上",mobile/iphone,2026-03-26 18:50:16,3月,うみんぴあ大飯 エリア,84.うみんぴあ大飯 エリア,おおい町,嶺南西部,,1泊,1泊,越前エリア（越前市・越前町・鯖江市・池田町・南越前町）,福井県外には宿泊しない,夫婦2人,"その他
",0,0,0,0,0,0,0,0,0,0,0,0,0,0,0,0,0,0,"自家用車
",1,0,0,0,0,0,0,"自家用車
",0,0,0,0,,,"3,000円以上 5,000円未満","3,000円以上 5,000円未満","3,000円以上 5,000円未満",初めて,"Twitter
",0,0,0,0,0,0,1,0,0,0,0,0,0,0,選択なし/該当施設なし,,一乗谷朝倉氏遺跡,"1,000円未満",とても満足,,とても満足,,感じなかった,,10,,,また行きたい（1年以内）,
198500,一乗谷朝倉氏遺跡 エリア,男,1962,64,60代,大阪府,豊中市,"1,500万円以上",mobile/iphone,2026-03-26 18:48:03,3月,大本山 永平寺 エリア,34.大本山 永平寺 エリア,永平寺町,福井市・永平寺町,,1泊,1泊,越前エリア（越前市・越前町・鯖江市・池田町・南越前町）,福井県外には宿泊しない,夫婦2人,"その他
",0,0,0,0,0,0,0,0,0,0,0,0,0,0,0,0,0,0,"自家用車
",1,0,0,0,0,0,0,"自家用車
",0,0,0,0,とても満足,,"3,000円以上 5,000円未満","3,000円以上 5,000円未満","3,000円以上 5,000円未満",初めて,"Twitter
",0,0,0,0,0,0,1,0,0,0,0,0,0,0,一乗谷朝倉氏遺跡,,丸岡城,"1,000円未満",とても満足,,とても満足,,感じた,スリッパが脱げやすい,10,,,また行きたい（1年以内）,
198500,一乗谷朝倉氏遺跡 エリア,男,1962,64,60代,大阪府,豊中市,"1,500万円以上",mobile/iphone,2026-03-26 18:44:40,3月,一乗谷朝倉氏遺跡 エリア,06.一乗谷朝倉氏遺跡 エリア,福井市,福井市・永平寺町,,1泊,1泊,越前エリア（越前市・越前町・鯖江市・池田町・南越前町）,福井県外には宿泊しない,夫婦2人,"その他
",0,0,0,0,0,0,0,0,0,0,0,0,0,0,0,0,0,0,"自家用車
",1,0,0,0,0,0,0,"自家用車
",0,0,0,0,,,"3,000円以上 5,000円未満","3,000円以上 5,000円未満","3,000円以上 5,000円未満",初めて,"Twitter
",0,0,0,0,0,0,1,0,0,0,0,0,0,0,福井県こども家族館,,大本山永平寺,使わない,とても満足,しっかり整備されており、見やすくて楽しめました,とても満足,,感じなかった,,10,,,また行きたい（1年以内）,
198576,三国湊 エリア,男,1984,42,40代,東京都,江戸川区,500万円以上 600万円未満,mobile/android,2026-03-27 23:23:51,3月,三国湊 エリア,09.三国湊 エリア,坂井市,あわら市・坂井市,(一社)DMOさかい観光局,2泊,2泊,三国・あわらエリア（あわら市・坂井市）,福井県外には宿泊しない,友人,"その他スポーツ（ゴルフ、テニスなど）
",0,0,0,0,0,0,0,0,0,0,0,0,0,1,0,0,0,0,"新幹線
",0,1,1,0,0,0,0,"レンタカー
",0,0,0,0,満足,"道が混んでいなくて走りやすかった。
無料区間の高速道路があってありがたかった。","10,000円以上 20,000円未満","30,000円以上 40,000円未満","10,000円以上 20,000円未満",初めて,"インターネット・アプリ
",0,0,0,0,0,1,0,0,0,0,0,0,0,0,越前大野城,永平寺,越前大仏,"5,000円以上 10,000円未満",満足,,満足,"アクセスの良さ。
お風呂が広く、混雑していなくてゆっくり入れた。
ウエルカムドリンク飲み放題も良かった。",感じなかった,,9,恐竜博物館はとても見応えがあり、専門的な内容が多く、子どもだけでなく大人も楽しめる施設だった。,,機会があれば行きたい,
198574,大本山 永平寺 エリア,女,2005,21,20代,岐阜県,各務原市,分からない/無回答,mobile/iphone,2026-03-27 23:14:44,3月,大本山 永平寺 エリア,34.大本山 永平寺 エリア,永平寺町,福井市・永平寺町,,日帰り,福井県内には宿泊しない,福井県内には宿泊しない,福井県外には宿泊しない,その他家族,"地元の美味しいものを食べる
名所、旧跡の観光
ドライブ・ツーリング
",0,0,1,0,1,0,0,0,0,0,0,0,0,0,1,0,0,歴史の教科書,"自家用車
",1,0,0,0,0,0,0,"自家用車
",0,0,0,0,,,使わない,"1,000円以上 3,000円未満","5,000円以上 10,000円未満",初めて,"新聞・雑誌・ガイドブック
TV・ラジオ番組やCM
その他
",0,1,1,0,0,0,0,0,0,0,0,0,0,0,丸岡城,,道の駅「九頭竜・和泉ふれあい会館」,"1,000円以上 3,000円未満",とても満足,,とても満足,施設の人が親切だったから,感じた,駐車場が足りないと感じた,9,自宅からは少し遠いが、景色やそこでの体験は行ってみないとわからない素晴らしい価値があると感じたから。,閉まっているお店があり、飲食店やお土産屋さんにもう少し活気が欲しいなと思った。,また行きたい（1年以内）,全年代に伝わりやすいお土産が欲しいと思った。友達に配る時に、福井と言えば「これ！」と伝わるようなお土産が思い浮かばず、配る用のお土産が買えなかった。
198575,小浜 エリア（宿泊施設）,男,1993,33,30代,大阪府,大阪市東淀川区,600万円以上 700万円未満,mobile/android,2026-03-27 23:12:24,3月,小浜 エリア（宿泊施設）,69.小浜 エリア（宿泊施設）,小浜市,嶺南西部,(株)まちづくり小浜,1泊,1泊,嶺南エリア（敦賀市・美浜町・若狭町・小浜市・おおい町・高浜町）,福井県外には宿泊しない,友人,"宿でのんびり過ごす
",1,0,0,0,0,0,0,0,0,0,0,0,0,0,0,0,0,0,"レンタカー
",0,1,0,0,0,0,0,"レンタカー
",0,0,0,0,どちらでもない,,"20,000円以上 30,000円未満","5,000円以上 10,000円未満","10,000円以上 20,000円未満",初めて,"観光パンフレット・ポスター
インターネット・アプリ
",0,0,0,1,0,1,0,0,0,0,0,0,0,0,小浜市まちの駅・旭座,,道の駅「若狭おばま」,"20,000円以上 30,000円未満",とても満足,宿が豪華でごはんも美味しかった,とても満足,宿がきれい、町家が素敵だった,感じた,近くにスーパーがないので慈善に買い込みが必要,10,のんびりと宿を楽しめる,都会とは違う、宿でゆったり過ごす時間があるので楽しい,また行きたい（1年以内）,ソースカツ丼、海鮮などを楽しみたい
198573,越前そばの里 エリア,男,1971,55,50代,兵庫県,神戸市中央区,"900万円以上 1,000万円未満",mobile/iphone,2026-03-27 23:04:39,3月,越前そばの里 エリア,37.越前そばの里 エリア,越前市,丹南,,日帰り,福井県内には宿泊しない,福井県内には宿泊しない,福井県外には宿泊しない,職場の同僚,"出張など仕事関係
",0,0,0,0,0,0,0,0,0,0,0,0,0,0,0,0,1,0,"自家用車
",1,0,0,0,0,0,0,"自家用車
",0,0,0,0,,,使わない,"10,000円以上 20,000円未満","10,000円以上 20,000円未満",6～10回目,"友人・知人
",0,0,0,0,0,0,0,0,0,0,1,0,0,0,道の駅「南えちぜん山海里」,道のえ越前市たけふ,選択なし/該当施設なし,"3,000円以上 5,000円未満",満足,男性の管理職的な人は無愛想だか、女性スタッフや外国人スタッフの感じが良い。,満足,他の販売施設にはない商品が陳列されている。,感じた,食事をするために、かなり長く並んだ。足が悪いため、整理券等を配り、どこかに座って待てるようにしてもらえると助かる。,6,色々揃っているので、どこに行くか迷ったら、まず越前そばの里に行けば良いと伝えやすい。,"越前そばの里で販売している商品には、商品名が記されていても、それがどんな味で、どんな素材で、どんな時に活用するのかが分からないものが多いと思う。
商品ポップをもっと工夫してほしい。",どちらともいえない,"どの施設から次にどこに行けば良いかが分からない。
隅にチラシを置くだけではなく、観光施設や商業施設が連携し、お客さんをキャッチボールできるよう、施設内に近隣情報などの案内板を設置するなどしてもらいたい。"
198572,越前海岸 高佐米ノ旅館街 エリア,女,1987,39,30代,愛知県,知多郡,400万円以上 500万円未満,mobile/iphone,2026-03-27 22:42:38,3月,越前海岸 高佐米ノ旅館街 エリア,56.越前海岸 高佐米ノ旅館街 エリア,越前町,丹南,一般社団法人 越前町観光連盟（DMO ECHIZEN）,日帰り,福井県内には宿泊しない,福井県内には宿泊しない,福井県外には宿泊しない,自分ひとり,"スキー・スノボ、マリンスポーツ
",0,0,0,0,0,0,0,0,0,0,0,0,1,0,0,0,0,0,"自家用車
",1,0,0,0,0,0,0,"自家用車
",0,0,0,0,,,使わない,"3,000円以上 5,000円未満","10,000円以上 20,000円未満",2～5回目,"インターネット・アプリ
Instagram
",0,0,0,0,0,1,0,1,0,0,0,0,0,0,選択なし/該当施設なし,,選択なし/該当施設なし,"10,000円以上 20,000円未満",とても満足,,とても満足,,感じなかった,,10,,,また行きたい（1年以内）,
198514,web,男,1982,44,40代,三重県,鈴鹿市,600万円以上 700万円未満,mobile/android,2026-03-27 22:32:56,3月,かずら橋 エリア,48.かずら橋 エリア,池田町,丹南,（一財）いけだ農村観光公社,1泊,1泊,越前エリア（越前市・越前町・鯖江市・池田町・南越前町）,福井県外には宿泊しない,小学生以下連れの家族,"温泉や露天風呂
地元の美味しいものを食べる
名所、旧跡の観光
",0,1,1,0,1,0,0,0,0,0,0,0,0,0,0,0,0,0,"自家用車
",1,0,0,0,0,0,0,"自家用車
",0,0,0,0,,,"50,000円以上 100,000円未満","5,000円以上 10,000円未満","20,000円以上 30,000円未満",初めて,"インターネット・アプリ
",0,0,0,0,0,1,0,0,0,0,0,0,0,0,丸岡城,,白山平泉寺歴史探遊館 まほろば,"3,000円以上 5,000円未満",満足,,満足,,感じなかった,,10,,,また行きたい（1年以内）,
198566,あわら湯のまち エリア,女,1952,74,70代,富山県,高岡市,200万円以上 300万円未満,mobile/iphone,2026-03-27 22:16:11,3月,あわら湯のまち エリア,17.あわら湯のまち エリア,あわら市,あわら市・坂井市,,1泊,1泊,三国・あわらエリア（あわら市・坂井市）,福井県外には宿泊しない,恋人,"宿でのんびり過ごす
温泉や露天風呂
地元の美味しいものを食べる
名所、旧跡の観光
テーマパーク（遊園地、動物園、博物館など）
買い物、アウトレット
",1,1,1,0,1,1,1,0,0,0,0,0,0,0,0,0,0,0,"自家用車
",1,0,0,0,0,0,0,"自家用車
徒歩
",0,0,1,0,満足,ナビ派なので、散策が楽しかったからです。,"10,000円以上 20,000円未満","3,000円以上 5,000円未満","40,000円以上 50,000円未満",2～5回目,"新聞・雑誌・ガイドブック
観光パンフレット・ポスター
観光連盟やDMOのHP
インターネット・アプリ
Instagram
友人・知人
",0,1,0,1,1,1,0,1,0,0,1,0,0,0,選択なし/該当施設なし,,養浩館庭園,"10,000円以上 20,000円未満",とても満足,五月ヶ瀬本店で、季節限定のものがたべれたから。,とても満足,綺麗な展示とわかりやすい説明書があったから。,感じた,喫茶店の数が少ないように感じました,10,インスタでも、パンフレットでも、お得情報が、たくさんでているから、たのしい。,季節の果物狩りが、たくさんあればいいと思います,また行きたい（1年以内）,できれば、長期滞在して、ゆっくり観光施設を巡ったり、美味しいものをたくさん頂きたいので、安価で楽しめる施設と食べ物提供をお願いしたいです
198563,大本山 永平寺 エリア,無回答,1964,62,60代,千葉県,印旛郡,300万円以上 400万円未満,mobile/android,2026-03-27 21:16:42,3月,大本山 永平寺 エリア,34.大本山 永平寺 エリア,永平寺町,福井市・永平寺町,,日帰り,福井県内には宿泊しない,福井県内には宿泊しない,石川県金沢市,夫婦2人,"名所、旧跡の観光
",0,0,0,0,1,0,0,0,0,0,0,0,0,0,0,0,0,0,"自家用車
",1,0,0,0,0,0,0,"自家用車
",0,0,0,0,,,"10,000円以上 20,000円未満","20,000円以上 30,000円未満","10,000円以上 20,000円未満",初めて,"新聞・雑誌・ガイドブック
",0,1,0,0,0,0,0,0,0,0,0,0,0,0,選択なし/該当施設なし,,選択なし/該当施設なし,"3,000円以上 5,000円未満",とても満足,,とても満足,,感じなかった,,10,,,また行きたい（1年以内）,
198561,福井駅前 エリア,男,2004,22,20代,東京都,文京区,100万円以上 200万円未満,mobile/iphone,2026-03-27 20:33:13,3月,福井駅前 エリア,01.福井駅前 エリア,福井市,福井市・永平寺町,,2泊,1泊,福井エリア（福井市・永平寺町）,富山県,友人,"地元の美味しいものを食べる
名所、旧跡の観光
",0,0,1,0,1,0,0,0,0,0,0,0,0,0,0,0,0,0,"レンタカー
新幹線
",0,1,1,0,0,0,0,"レンタカー
",0,0,0,0,,,"5,000円以上 10,000円未満","1,000円以上 3,000円未満","10,000円以上 20,000円未満",初めて,"インターネット・アプリ
タクシードライバーや地元の人
",0,0,0,0,0,1,0,0,0,0,0,0,1,0,東尋坊,,選択なし/該当施設なし,"3,000円以上 5,000円未満",とても満足,,とても満足,,感じなかった,,10,,,,
198560,福井駅前 エリア,男,2005,21,20代,埼玉県,さいたま市北区,100万円未満,mobile/iphone,2026-03-27 20:28:30,3月,福井駅前 エリア,01.福井駅前 エリア,福井市,福井市・永平寺町,,2泊,1泊,福井エリア（福井市・永平寺町）,富山県,友人,"地元の美味しいものを食べる
花見や紅葉などの自然鑑賞
テーマパーク（遊園地、動物園、博物館など）
",0,0,1,1,0,1,0,0,0,0,0,0,0,0,0,0,0,0,"レンタカー
新幹線
",0,1,1,0,0,0,0,"レンタカー
",0,0,0,0,とても満足,対応が親切で安心できた。,"3,000円以上 5,000円未満","1,000円以上 3,000円未満","5,000円以上 10,000円未満",初めて,"Instagram
友人・知人
",0,0,0,0,0,0,0,1,0,0,1,0,0,0,福井県立恐竜博物館,,丸岡城,"1,000円以上 3,000円未満",とても満足,福井の名産の品揃えがよい。,とても満足,,感じなかった,,10,神社仏閣巡り,もっと福井の伝統的な文化に触れやすいイベントなどがあれば良かった。,また行きたい（1年以内）,
198559,越前そばの里 エリア,女,1958,68,60代,大阪府,吹田市,"1,000万円以上 1,200万円未満",mobile/iphone,2026-03-27 20:07:29,3月,越前そばの里 エリア,37.越前そばの里 エリア,越前市,丹南,,2泊,2泊,福井エリア（福井市・永平寺町）,福井県外には宿泊しない,夫婦2人,"地元の美味しいものを食べる
花見や紅葉などの自然鑑賞
名所、旧跡の観光
",0,0,1,1,1,0,0,0,0,0,0,0,0,0,0,0,0,0,"自家用車
",1,0,0,0,0,0,0,"自家用車
",0,0,0,0,,,"40,000円以上 50,000円未満","10,000円以上 20,000円未満","10,000円以上 20,000円未満",初めて,"新聞・雑誌・ガイドブック
観光パンフレット・ポスター
インターネット・アプリ
宿泊施設
",0,1,0,1,0,1,0,0,0,0,0,0,0,1,選択なし/該当施設なし,蘇洞門遊覧,熊川宿,"1,000円以上 3,000円未満",満足,,満足,,感じなかった,,8,,,機会があれば行きたい,
198501,大本山 永平寺 エリア,女,1964,62,60代,東京都,大田区,分からない/無回答,mobile/android,2026-03-27 19:43:22,3月,三国湊 エリア,09.三国湊 エリア,坂井市,あわら市・坂井市,(一社)DMOさかい観光局,2泊,2泊,三国・あわらエリア（あわら市・坂井市）,福井県外には宿泊しない,中学生以上連れの家族,"テーマパーク（遊園地、動物園、博物館など）
",0,0,0,0,0,1,0,0,0,0,0,0,0,0,0,0,0,0,"旅行会社ツアーバス
",0,0,0,0,0,1,0,"旅行会社ツアーバス
",0,0,0,0,満足,,"10,000円以上 20,000円未満","30,000円以上 40,000円未満","10,000円以上 20,000円未満",初めて,"新聞・雑誌・ガイドブック
",0,1,0,0,0,0,0,0,0,0,0,0,0,0,丸岡城,,選択なし/該当施設なし,"1,000円未満",満足,,満足,,感じなかった,,10,,,機会があれば行きたい,
198558,かつやま恐竜の森 エリア,男,1973,53,50代,千葉県,柏市,"1,200万円以上 1,500万円未満",mobile/iphone,2026-03-27 19:08:10,3月,かつやま恐竜の森 エリア,25.かつやま恐竜の森 エリア,勝山市,勝山市・大野市,勝山市観光まちづくり(株),1泊,1泊,奥越前エリア（勝山市・大野市）,福井県外には宿泊しない,中学生以上連れの家族,"温泉や露天風呂
テーマパーク（遊園地、動物園、博物館など）
",0,1,0,0,0,1,0,0,0,0,0,0,0,0,0,0,0,0,"レンタカー
新幹線
",0,1,1,0,0,0,0,"レンタカー
",0,0,0,0,,,"20,000円以上 30,000円未満","30,000円以上 40,000円未満","20,000円以上 30,000円未満",初めて,"インターネット・アプリ
",0,0,0,0,0,1,0,0,0,0,0,0,0,0,福井県立恐竜博物館,,道の駅「恐竜渓谷かつやま」,"3,000円以上 5,000円未満",とても満足,,とても満足,,感じなかった,,10,,,また行きたい（1年以内）,
198556,web,女,1971,55,50代,石川県,小松市,300万円以上 400万円未満,mobile/android,2026-03-27 17:47:28,3月,越前そばの里 エリア,37.越前そばの里 エリア,越前市,丹南,,日帰り,福井県内には宿泊しない,福井県内には宿泊しない,福井県外には宿泊しない,中学生以上連れの家族,"地元の美味しいものを食べる
",0,0,1,0,0,0,0,0,0,0,0,0,0,0,0,0,0,0,"自家用車
",1,0,0,0,0,0,0,"自家用車
",0,0,0,0,とても満足,そばがとても美味しくて、お土産も充実していたから,使わない,"1,000円以上 3,000円未満","5,000円以上 10,000円未満",初めて,"インターネット・アプリ
",0,0,0,0,0,1,0,0,0,0,0,0,0,0,西山動物園,,選択なし/該当施設なし,"5,000円以上 10,000円未満",とても満足,,とても満足,,感じなかった,,10,,,また行きたい（1年以内）,
198553,大本山 永平寺 エリア,女,1961,65,60代,兵庫県,加古郡,800万円以上 900万円未満,mobile/iphone,2026-03-27 17:44:38,3月,道の駅「禅の里」 エリア,35.道の駅「禅の里」 エリア,永平寺町,福井市・永平寺町,,4泊以上,3泊,越前エリア（越前市・越前町・鯖江市・池田町・南越前町）,滋賀県,夫婦2人,"名所、旧跡の観光
",0,0,0,0,1,0,0,0,0,0,0,0,0,0,0,0,0,0,"自家用車
",1,0,0,0,0,0,0,"自家用車
",0,0,0,0,,,"5,000円以上 10,000円未満","5,000円以上 10,000円未満","10,000円以上 20,000円未満",初めて,"インターネット・アプリ
",0,0,0,0,0,1,0,0,0,0,0,0,0,0,酒蔵,,選択なし/該当施設なし,"1,000円以上 3,000円未満",満足,,満足,,感じなかった,,8,,,また行きたい（1年以内）,
198555,道の駅「若狭おばま」 エリア,女,1989,37,30代,愛知県,春日井市,300万円以上 400万円未満,mobile/iphone,2026-03-27 17:22:06,3月,道の駅「若狭おばま」 エリア,68.道の駅「若狭おばま」 エリア,小浜市,嶺南西部,(株)まちづくり小浜,1泊,1泊,嶺南エリア（敦賀市・美浜町・若狭町・小浜市・おおい町・高浜町）,福井県外には宿泊しない,小学生以下連れの家族,"宿でのんびり過ごす
温泉や露天風呂
地元の美味しいものを食べる
名所、旧跡の観光
買い物、アウトレット
まちあるき、都市散策
",1,1,1,0,1,0,1,0,0,0,1,0,0,0,0,0,0,0,"自家用車
",1,0,0,0,0,0,0,"自家用車
",0,0,0,0,,,"40,000円以上 50,000円未満","10,000円以上 20,000円未満","5,000円以上 10,000円未満",2～5回目,"観光展・物産展
観光パンフレット・ポスター
観光協会等の案内所
",1,0,0,1,0,0,0,0,0,0,0,1,0,0,三丁町,,若狭フィッシャーマンズワーフ,"3,000円以上 5,000円未満",とても満足,品揃えがとても豊富でした。どんな商品が人気なのかポップがとてもわかりやすかったです。,とても満足,新しいところとあって綺麗でした。通路も広くて歩きやすいです。,感じなかった,,10,建物がとても綺麗で大人数で行っても楽しかったです。,小浜産の岩海苔を探しています。10年ほど前は1年くらい日持ちするものがあったのですが最近は見当たらず、どこにあるでしょうか&hellip;。,また行きたい（1年以内）,子どもが恐竜が好きなので恐竜のフォトスポットがこれでもかとたくさんあると嬉しいです。恐竜博物館も行ったことがありますが、少し距離があるのでなかなか毎回は寄れないためです。
198553,大本山 永平寺 エリア,女,1961,65,60代,兵庫県,加古郡,800万円以上 900万円未満,mobile/iphone,2026-03-27 15:49:09,3月,大本山 永平寺 エリア,34.大本山 永平寺 エリア,永平寺町,福井市・永平寺町,,4泊以上,3泊,越前エリア（越前市・越前町・鯖江市・池田町・南越前町）,滋賀県,夫婦2人,"温泉や露天風呂
地元の美味しいものを食べる
花見や紅葉などの自然鑑賞
名所、旧跡の観光
",0,1,1,1,1,0,0,0,0,0,0,0,0,0,0,0,0,0,"自家用車
",1,0,0,0,0,0,0,"自家用車
",0,0,0,0,,,"5,000円以上 10,000円未満","5,000円以上 10,000円未満","10,000円以上 20,000円未満",2～5回目,"インターネット・アプリ
",0,0,0,0,0,1,0,0,0,0,0,0,0,0,一乗谷朝倉氏遺跡,,選択なし/該当施設なし,"1,000円以上 3,000円未満",満足,,満足,,感じなかった,,8,,,また行きたい（1年以内）,
198552,大本山 永平寺 エリア,女,2014,12,10代,香川県,高松市,分からない/無回答,mobile/android,2026-03-27 15:47:34,3月,大本山 永平寺 エリア,34.大本山 永平寺 エリア,永平寺町,福井市・永平寺町,,4泊以上,2泊,三国・あわらエリア（あわら市・坂井市）,石川県金沢市,親,"温泉や露天風呂
地元の美味しいものを食べる
名所、旧跡の観光
買い物、アウトレット
まちあるき、都市散策
",0,1,1,0,1,0,1,0,0,0,1,0,0,0,0,0,0,0,"自家用車
",1,0,0,0,0,0,0,"自家用車
",0,0,0,0,満足,"交通整備がされている
駐車場が多い","50,000円以上 100,000円未満","40,000円以上 50,000円未満","40,000円以上 50,000円未満",2～5回目,"新聞・雑誌・ガイドブック
インターネット・アプリ
",0,1,0,0,0,1,0,0,0,0,0,0,0,0,金沢駅周辺（石川県）,,福井県立恐竜博物館,"5,000円以上 10,000円未満",満足,駐車場が整っている,とても満足,お参りができて、よかった,感じなかった,特になし,9,"観光地が多い
街がきれい",美味しいものが多く勧めたい,また行きたい（1年以内）,
198550,かつやま恐竜の森 エリア,女,1986,40,40代,愛知県,大府市,400万円以上 500万円未満,mobile/android,2026-03-27 15:43:23,3月,かつやま恐竜の森 エリア,25.かつやま恐竜の森 エリア,勝山市,勝山市・大野市,勝山市観光まちづくり(株),2泊,2泊,越前エリア（越前市・越前町・鯖江市・池田町・南越前町）,福井県外には宿泊しない,その他家族,"温泉や露天風呂
テーマパーク（遊園地、動物園、博物館など）
",0,1,0,0,0,1,0,0,0,0,0,0,0,0,0,0,0,0,"自家用車
",1,0,0,0,0,0,0,"自家用車
",0,0,0,0,とても満足,ワンポイント解説が楽しかった,"50,000円以上 100,000円未満","5,000円以上 10,000円未満","20,000円以上 30,000円未満",2～5回目,"インターネット・アプリ
",0,0,0,0,0,1,0,0,0,0,0,0,0,0,道の駅「パークイン丹生ヶ丘」,,選択なし/該当施設なし,"3,000円以上 5,000円未満",とても満足,,とても満足,,感じなかった,,5,,,機会があれば行きたい,
198546,道の駅「恐竜渓谷かつやま」 エリア,女,1985,41,40代,三重県,松阪市,600万円以上 700万円未満,mobile/android,2026-03-27 15:19:41,3月,道の駅「恐竜渓谷かつやま」 エリア,26.道の駅「恐竜渓谷かつやま」 エリア,勝山市,勝山市・大野市,勝山市観光まちづくり(株),2泊,2泊,奥越前エリア（勝山市・大野市）,石川県金沢市,小学生以下連れの家族,"地元の美味しいものを食べる
名所、旧跡の観光
テーマパーク（遊園地、動物園、博物館など）
買い物、アウトレット
",0,0,1,0,1,1,1,0,0,0,0,0,0,0,0,0,0,0,"自家用車
",1,0,0,0,0,0,0,"自家用車
",0,0,0,0,,,"30,000円以上 40,000円未満","3,000円以上 5,000円未満","20,000円以上 30,000円未満",2～5回目,"観光展・物産展
新聞・雑誌・ガイドブック
TV・ラジオ番組やCM
観光パンフレット・ポスター
インターネット・アプリ
Twitter
Instagram
友人・知人
",1,1,1,1,0,1,1,1,0,0,1,0,0,0,福井県立恐竜博物館,,越前大仏,"10,000円以上 20,000円未満",とても満足,素晴らし自然と、福井県の子どもに対する福祉の充実度に感激しました。とても素晴らしい2泊3日でした。また今夏に絶対にきます。,とても満足,食べ物も美味しく、人も親切で、どの施設も来館者に対して優しくSDGsを強く感じました。福井県、素晴らしいです。毎年来たいと思いました。ありがとうございます。,感じなかった,,10,恐竜博物館はピカイチで大人も子どもも楽しめます。三重に帰って友達にぜひぜひすすめます。,出来るだけ、無料のイベントを四季を通して行なって下さい。三重からは、3時間少しかかりますが、イベント毎に来たいです。,また行きたい（1年以内）,"お米どころなので。米を主体にした料理をたくさん披露して下さい。
"
198535,web,女,1967,59,50代,東京都,江東区,"900万円以上 1,000万円未満",mobile/iphone,2026-03-27 15:03:47,3月,越前大野城・城下町 エリア,21.越前大野城・城下町 エリア,大野市,勝山市・大野市,,2泊,2泊,三国・あわらエリア（あわら市・坂井市）,福井県外には宿泊しない,夫婦2人,"その他
",0,0,0,0,0,0,0,0,0,0,0,0,0,0,0,0,0,0,"自家用車
",1,0,0,0,0,0,0,"自家用車
",0,0,0,0,,,"20,000円以上 30,000円未満","10,000円以上 20,000円未満","10,000円以上 20,000円未満",初めて,"インターネット・アプリ
",0,0,0,0,0,1,0,0,0,0,0,0,0,0,越前大野城,,あわら温泉屋台村「湯けむり横丁」,"3,000円以上 5,000円未満",満足,街が綺麗。,とても満足,,感じなかった,,8,,,また行きたい（1年以内）,
198537,道の駅「禅の里」 エリア,男,1970,56,50代,東京都,江東区,100万円未満,mobile/iphone,2026-03-27 15:03:20,3月,越前大野城・城下町 エリア,21.越前大野城・城下町 エリア,大野市,勝山市・大野市,,2泊,2泊,三国・あわらエリア（あわら市・坂井市）,福井県外には宿泊しない,夫婦2人,"その他
",0,0,0,0,0,0,0,0,0,0,0,0,0,0,0,0,0,ポケフタ,"自家用車
",1,0,0,0,0,0,0,"自家用車
",0,0,0,0,とても満足,初めてきたから,"20,000円以上 30,000円未満","40,000円以上 50,000円未満","50,000円以上 100,000円未満",初めて,"その他
",0,0,0,0,0,0,0,0,0,0,0,0,0,0,勝山城博物館,温泉,あわら温泉街,"5,000円以上 10,000円未満",満足,,満足,,感じなかった,,9,,,また行きたい（1年以内）,カツ丼
198544,花の駅 ゆりの里公園 エリア,女,1960,66,60代,福井県,坂井市,600万円以上 700万円未満,mobile/iphone,2026-03-27 14:53:11,3月,花の駅 ゆりの里公園 エリア,14.花の駅 ゆりの里公園 エリア,坂井市,あわら市・坂井市,(一社)DMOさかい観光局,日帰り,福井県内には宿泊しない,福井県内には宿泊しない,福井県外には宿泊しない,その他家族,"その他
",0,0,0,0,0,0,0,0,0,0,0,0,0,0,0,0,0,1,"自家用車
",1,0,0,0,0,0,0,"自家用車
",0,0,0,0,満足,,使わない,使わない,使わない,11回目以上,"その他
",0,0,0,0,0,0,0,0,0,0,0,0,0,0,選択なし/該当施設なし,,選択なし/該当施設なし,使わない,満足,,満足,,感じなかった,,7,,,,
198540,かつやま恐竜の森 エリア,男,1987,39,30代,奈良県,天理市,400万円以上 500万円未満,mobile/android,2026-03-27 14:48:24,3月,道の駅「恐竜渓谷かつやま」 エリア,26.道の駅「恐竜渓谷かつやま」 エリア,勝山市,勝山市・大野市,勝山市観光まちづくり(株),2泊,2泊,三国・あわらエリア（あわら市・坂井市）,福井県外には宿泊しない,夫婦2人,"アウトドア（海水浴、釣り、登山など）
",0,0,0,0,0,0,0,0,0,1,0,0,0,0,0,0,0,0,"自家用車
",1,0,0,0,0,0,0,"自家用車
",0,0,0,0,,,"40,000円以上 50,000円未満","10,000円以上 20,000円未満","20,000円以上 30,000円未満",初めて,"新聞・雑誌・ガイドブック
",0,1,0,0,0,0,0,0,0,0,0,0,0,0,福井県立恐竜博物館,,大本山永平寺,"1,000円以上 3,000円未満",とても満足,,とても満足,,感じなかった,,8,,,機会があれば行きたい,パッと寄れる道の駅的な場所。軽くお土産を見られたりご飯（軽食でも）食べられるところ
198542,丸岡城 エリア,女,1967,59,50代,埼玉県,さいたま市浦和区,"1,000万円以上 1,200万円未満",mobile/android,2026-03-27 14:44:33,3月,丸岡城 エリア,13.丸岡城 エリア,坂井市,あわら市・坂井市,(一社)DMOさかい観光局,2泊,1泊,三国・あわらエリア（あわら市・坂井市）,富山県,夫婦2人,"温泉や露天風呂
地元の美味しいものを食べる
名所、旧跡の観光
",0,1,1,0,1,0,0,0,0,0,0,0,0,0,0,0,0,無し,"新幹線
",0,0,1,0,0,0,0,"路線バス
",0,1,0,0,満足,,"10,000円以上 20,000円未満","30,000円以上 40,000円未満","5,000円以上 10,000円未満",2～5回目,"その他
",0,0,0,0,0,0,0,0,0,0,0,0,0,0,選択なし/該当施設なし,,東尋坊,"1,000円以上 3,000円未満",とても満足,,とても満足,,感じなかった,,10,,,機会があれば行きたい,
198540,かつやま恐竜の森 エリア,男,1987,39,30代,奈良県,天理市,400万円以上 500万円未満,mobile/android,2026-03-27 14:28:25,3月,かつやま恐竜の森 エリア,25.かつやま恐竜の森 エリア,勝山市,勝山市・大野市,勝山市観光まちづくり(株),2泊,2泊,三国・あわらエリア（あわら市・坂井市）,福井県外には宿泊しない,夫婦2人,"宿でのんびり過ごす
温泉や露天風呂
地元の美味しいものを食べる
テーマパーク（遊園地、動物園、博物館など）
アウトドア（海水浴、釣り、登山など）
",1,1,1,0,0,1,0,0,0,1,0,0,0,0,0,0,0,0,"自家用車
",1,0,0,0,0,0,0,"自家用車
",0,0,0,0,,,"40,000円以上 50,000円未満","10,000円以上 20,000円未満","20,000円以上 30,000円未満",初めて,"新聞・雑誌・ガイドブック
",0,1,0,0,0,0,0,0,0,0,0,0,0,0,越前松島水族館,,大本山永平寺,"10,000円以上 20,000円未満",とても満足,,とても満足,,感じた,博物館内が広く、自由に見られるのはいいが、その分順路がないので、どこから見ようか悩んだ,9,,,機会があれば行きたい,"温泉、釣り、そして観光。
次回は一乗谷に行きたい"
198538,越前そばの里 エリア,女,2002,24,20代,福井県,鯖江市,100万円以上 200万円未満,mobile/iphone,2026-03-27 13:57:13,3月,越前そばの里 エリア,37.越前そばの里 エリア,越前市,丹南,,日帰り,福井県内には宿泊しない,福井県内には宿泊しない,福井県外には宿泊しない,親,"地元の美味しいものを食べる
買い物、アウトレット
",0,0,1,0,0,0,1,0,0,0,0,0,0,0,0,0,0,0,"自家用車
",1,0,0,0,0,0,0,"自家用車
",0,0,0,0,,,使わない,使わない,"3,000円以上 5,000円未満",6～10回目,"友人・知人
",0,0,0,0,0,0,0,0,0,0,1,0,0,0,選択なし/該当施設なし,,選択なし/該当施設なし,"3,000円以上 5,000円未満",とても満足,,とても満足,,感じなかった,,8,"家が近いから
そばが美味しいから",,福井県在住,
198537,道の駅「禅の里」 エリア,男,1970,56,50代,東京都,江東区,100万円未満,mobile/iphone,2026-03-27 13:46:26,3月,道の駅「禅の里」 エリア,35.道の駅「禅の里」 エリア,永平寺町,福井市・永平寺町,,2泊,2泊,三国・あわらエリア（あわら市・坂井市）,福井県外には宿泊しない,夫婦2人,"温泉や露天風呂
名所、旧跡の観光
その他
",0,1,0,0,1,0,0,0,0,0,0,0,0,0,0,0,0,ポケフタ,"自家用車
",1,0,0,0,0,0,0,"自家用車
",0,0,0,0,とても満足,温泉と食事が最高！,"20,000円以上 30,000円未満","40,000円以上 50,000円未満","50,000円以上 100,000円未満",2～5回目,"その他
",0,0,0,0,0,0,0,0,0,0,0,0,0,0,道の駅「南えちぜん山海里」,ポケフタ,はたや記念館 ゆめおーれ勝山,"5,000円以上 10,000円未満",満足,らーめんと唐揚げがうまかった。,満足,梅酢,感じなかった,,9,ポケフタ,現地の料理,また行きたい（1年以内）,
198535,web,女,1967,59,50代,東京都,江東区,"900万円以上 1,000万円未満",mobile/iphone,2026-03-27 13:35:36,3月,道の駅「禅の里」 エリア,35.道の駅「禅の里」 エリア,永平寺町,福井市・永平寺町,,2泊,2泊,三国・あわらエリア（あわら市・坂井市）,福井県外には宿泊しない,夫婦2人,"その他
",0,0,0,0,0,0,0,0,0,0,0,0,0,0,0,0,0,0,"自家用車
",1,0,0,0,0,0,0,"自家用車
",0,0,0,0,,,"20,000円以上 30,000円未満","10,000円以上 20,000円未満","10,000円以上 20,000円未満",2～5回目,"インターネット・アプリ
",0,0,0,0,0,1,0,0,0,0,0,0,0,0,あわら温泉屋台村「湯けむり横丁」,,道の駅「九頭竜・和泉ふれあい会館」,"1,000円以上 3,000円未満",とても満足,食事が美味しい,とても満足,永平寺にしかないものが買えた,感じなかった,,8,あわら温泉がよかった,安くて美味い！最高！,また行きたい（1年以内）,ペットと同伴できる飲食店がほしい
198534,大本山 永平寺 エリア,女,1974,52,50代,静岡県,島田市,分からない/無回答,mobile/iphone,2026-03-27 13:27:19,3月,大本山 永平寺 エリア,34.大本山 永平寺 エリア,永平寺町,福井市・永平寺町,,1泊,1泊,福井エリア（福井市・永平寺町）,福井県外には宿泊しない,中学生以上連れの家族,"宿でのんびり過ごす
温泉や露天風呂
地元の美味しいものを食べる
名所、旧跡の観光
",1,1,1,0,1,0,0,0,0,0,0,0,0,0,0,0,0,0,"自家用車
",1,0,0,0,0,0,0,"自家用車
",0,0,0,0,とても満足,,"100,000円以上","20,000円以上 30,000円未満","5,000円以上 10,000円未満",初めて,"新聞・雑誌・ガイドブック
",0,1,0,0,0,0,0,0,0,0,0,0,0,0,若狭和田ビーチ,,越前大仏,"5,000円以上 10,000円未満",とても満足,,とても満足,,感じなかった,,7,,,また行きたい（1年以内）,
198531,越前そばの里 エリア,男,1970,56,50代,福井県,越前市,100万円未満,mobile/android,2026-03-27 13:17:25,3月,越前そばの里 エリア,37.越前そばの里 エリア,越前市,丹南,,日帰り,4泊以上,越前エリア（越前市・越前町・鯖江市・池田町・南越前町）,福井県外には宿泊しない,その他家族,"地元の美味しいものを食べる
まちあるき、都市散策
",0,0,1,0,0,0,0,0,0,0,1,0,0,0,0,0,0,0,"自家用車
",1,0,0,0,0,0,0,"自家用車
",0,0,0,0,どちらでもない,,"10,000円以上 20,000円未満","1,000円未満","10,000円以上 20,000円未満",2～5回目,"インターネット・アプリ
",0,0,0,0,0,1,0,0,0,0,0,0,0,0,越前がにミュージアム,,道の駅「越前」,"3,000円以上 5,000円未満",とても満足,,とても満足,,感じなかった,,5,,,福井県在住,
198529,web,女,1980,46,40代,千葉県,山武市,400万円以上 500万円未満,mobile/iphone,2026-03-27 13:13:56,3月,かつやま恐竜の森 エリア,25.かつやま恐竜の森 エリア,勝山市,勝山市・大野市,勝山市観光まちづくり(株),2泊,1泊,福井エリア（福井市・永平寺町）,石川県加賀市,中学生以上連れの家族,"地元の美味しいものを食べる
名所、旧跡の観光
テーマパーク（遊園地、動物園、博物館など）
",0,0,1,0,1,1,0,0,0,0,0,0,0,0,0,0,0,0,"レンタカー
新幹線
",0,1,1,0,0,0,0,"レンタカー
",0,0,0,0,,,"40,000円以上 50,000円未満","40,000円以上 50,000円未満","40,000円以上 50,000円未満",2～5回目,"新聞・雑誌・ガイドブック
インターネット・アプリ
",0,1,0,0,0,1,0,0,0,0,0,0,0,0,選択なし/該当施設なし,,選択なし/該当施設なし,"5,000円以上 10,000円未満",とても満足,,とても満足,,感じなかった,,10,,,,
198526,越前そばの里 エリア,男,1967,59,50代,福井県,鯖江市,"1,000万円以上 1,200万円未満",mobile/iphone,2026-03-27 12:42:29,3月,越前そばの里 エリア,37.越前そばの里 エリア,越前市,丹南,,日帰り,1泊,越前エリア（越前市・越前町・鯖江市・池田町・南越前町）,福井県外には宿泊しない,自分ひとり,"まちあるき、都市散策
",0,0,0,0,0,0,0,0,0,0,1,0,0,0,0,0,0,0,"自家用車
",1,0,0,0,0,0,0,"自家用車
",0,0,0,0,とても満足,,使わない,"1,000円未満","3,000円以上 5,000円未満",11回目以上,"インターネット・アプリ
",0,0,0,0,0,1,0,0,0,0,0,0,0,0,一乗谷朝倉氏遺跡,,選択なし/該当施設なし,"3,000円以上 5,000円未満",とても満足,,とても満足,,感じなかった,,10,,,,
198523,web,女,1994,32,30代,福井県,敦賀市,"1,200万円以上 1,500万円未満",mobile/iphone,2026-03-27 12:07:11,3月,だるまちゃん広場 エリア,42.だるまちゃん広場 エリア,越前市,丹南,,1泊,1泊,三国・あわらエリア（あわら市・坂井市）,福井県外には宿泊しない,その他家族,"宿でのんびり過ごす
温泉や露天風呂
地元の美味しいものを食べる
",1,1,1,0,0,0,0,0,0,0,0,0,0,0,0,0,0,0,"レンタカー
",1,0,0,0,0,0,0,"自家用車
",0,0,0,0,,,"30,000円以上 40,000円未満","1,000円以上 3,000円未満","3,000円以上 5,000円未満",2～5回目,"Instagram
",0,0,0,0,0,0,0,1,0,0,0,0,0,0,選択なし/該当施設なし,,選択なし/該当施設なし,"1,000円未満",満足,,満足,,感じなかった,,8,,,,
198522,かつやま恐竜の森 エリア,女,1980,46,40代,静岡県,島田市,"1,000万円以上 1,200万円未満",mobile/iphone,2026-03-27 11:43:21,3月,越前大野城・城下町 エリア,21.越前大野城・城下町 エリア,大野市,勝山市・大野市,,日帰り,福井県内には宿泊しない,福井県内には宿泊しない,福井県外には宿泊しない,小学生以下連れの家族,"テーマパーク（遊園地、動物園、博物館など）
",0,0,0,0,0,1,0,0,0,0,0,0,0,0,0,0,0,0,"自家用車
",1,0,0,0,0,0,0,"自家用車
",0,0,0,0,,,使わない,"5,000円以上 10,000円未満","5,000円以上 10,000円未満",初めて,"Instagram
",0,0,0,0,0,0,0,1,0,0,0,0,0,0,福井県立恐竜博物館,,選択なし/該当施設なし,"1,000円以上 3,000円未満",満足,,満足,,感じなかった,,8,,,機会があれば行きたい,
198522,かつやま恐竜の森 エリア,女,1980,46,40代,静岡県,島田市,"1,000万円以上 1,200万円未満",mobile/iphone,2026-03-27 11:40:27,3月,かつやま恐竜の森 エリア,25.かつやま恐竜の森 エリア,勝山市,勝山市・大野市,勝山市観光まちづくり(株),日帰り,福井県内には宿泊しない,福井県内には宿泊しない,福井県外には宿泊しない,小学生以下連れの家族,"名所、旧跡の観光
テーマパーク（遊園地、動物園、博物館など）
",0,0,0,0,1,1,0,0,0,0,0,0,0,0,0,0,0,0,"自家用車
",1,0,0,0,0,0,0,"自家用車
",0,0,0,0,,,使わない,"5,000円以上 10,000円未満","5,000円以上 10,000円未満",初めて,"新聞・雑誌・ガイドブック
インターネット・アプリ
Instagram
",0,1,0,0,0,1,0,1,0,0,0,0,0,0,福井県立恐竜博物館,,越前大野城,"1,000円以上 3,000円未満",満足,,満足,,感じなかった,,9,,犬と散策できたのが良かった,機会があれば行きたい,
198519,道の駅「三方五湖」  エリア,女,1983,43,40代,大阪府,大阪市住之江区,400万円以上 500万円未満,mobile/android,2026-03-27 11:09:34,3月,道の駅「三方五湖」  エリア,83.道の駅「三方五湖」 エリア,若狭町,嶺南東部,三方五湖DMO(株),2泊,2泊,嶺南エリア（敦賀市・美浜町・若狭町・小浜市・おおい町・高浜町）,福井県外には宿泊しない,小学生以下連れの家族,"地元の美味しいものを食べる
花見や紅葉などの自然鑑賞
名所、旧跡の観光
まちあるき、都市散策
友人・親戚を尋ねる
",0,0,1,1,1,0,0,0,0,0,1,0,0,0,0,1,0,目的地に移動中に見つけた,"自家用車
",1,0,0,0,0,0,0,"自家用車
",0,0,0,0,,,使わない,"5,000円以上 10,000円未満","10,000円以上 20,000円未満",初めて,"その他
",0,0,0,0,0,0,0,0,0,0,0,0,0,0,三方五湖,,敦賀赤レンガ倉庫,"1,000円以上 3,000円未満",とても満足,,とても満足,,感じなかった,,8,"自然を満喫でき、空気が澄んでとても気持ちいい場所。ゆったりと過ごすことができる
",,また行きたい（1年以内）,
198518,web,女,1978,48,40代,青森県,八戸市,800万円以上 900万円未満,mobile/android,2026-03-27 10:36:27,3月,大本山 永平寺 エリア,34.大本山 永平寺 エリア,永平寺町,福井市・永平寺町,,3泊,2泊,福井エリア（福井市・永平寺町）,石川県加賀市,小学生以下連れの家族,"名所、旧跡の観光
テーマパーク（遊園地、動物園、博物館など）
",0,0,0,0,1,1,0,0,0,0,0,0,0,0,0,0,0,0,"新幹線
",0,1,1,0,0,0,0,"レンタカー
",0,0,0,0,,,"20,000円以上 30,000円未満","20,000円以上 30,000円未満","20,000円以上 30,000円未満",初めて,"新聞・雑誌・ガイドブック
インターネット・アプリ
",0,1,0,0,0,1,0,0,0,0,0,0,0,0,丸岡城,,丸岡城,"10,000円以上 20,000円未満",満足,永平寺、雰囲気もよくて良かったです,満足,,感じなかった,,9,,,機会があれば行きたい,
198516,日本海さかな街 エリア,女,1968,58,50代,千葉県,白井市,100万円以上 200万円未満,mobile/android,2026-03-27 08:58:03,3月,日本海さかな街 エリア,61.日本海さかな街 エリア,敦賀市,嶺南東部,,4泊以上,1泊,越前エリア（越前市・越前町・鯖江市・池田町・南越前町）,九州,夫婦2人,"温泉や露天風呂
地元の美味しいものを食べる
名所、旧跡の観光
お祭りやイベントへの参加・見物
まちあるき、都市散策
ドライブ・ツーリング
",0,1,1,0,1,0,0,1,0,0,1,0,0,0,1,0,0,0,"自家用車
",1,0,0,0,0,0,0,"自家用車
",0,0,0,0,とても満足,,"10,000円以上 20,000円未満","10,000円以上 20,000円未満","20,000円以上 30,000円未満",初めて,"観光展・物産展
",1,0,0,0,0,0,0,0,0,0,0,0,0,0,選択なし/該当施設なし,,選択なし/該当施設なし,"5,000円以上 10,000円未満",とても満足,,とても満足,,感じなかった,,10,,,また行きたい（1年以内）,サバ
198501,大本山 永平寺 エリア,女,1964,62,60代,東京都,大田区,分からない/無回答,mobile/android,2026-03-27 08:31:17,3月,あわら湯のまち エリア,17.あわら湯のまち エリア,あわら市,あわら市・坂井市,,2泊,2泊,三国・あわらエリア（あわら市・坂井市）,福井県外には宿泊しない,中学生以上連れの家族,"テーマパーク（遊園地、動物園、博物館など）
",0,0,0,0,0,1,0,0,0,0,0,0,0,0,0,0,0,0,"旅行会社ツアーバス
",0,0,0,0,0,1,0,"旅行会社ツアーバス
",0,0,0,0,満足,,"10,000円以上 20,000円未満","30,000円以上 40,000円未満","10,000円以上 20,000円未満",初めて,"新聞・雑誌・ガイドブック
",0,1,0,0,0,0,0,0,0,0,0,0,0,0,大本山永平寺,,越前大仏,"1,000円未満",満足,,満足,,感じなかった,,10,,,機会があれば行きたい,
198506,あわら湯のまち エリア,男,1953,73,70代,愛知県,名古屋市中村区,100万円以上 200万円未満,mobile/android,2026-03-27 00:17:30,3月,あわら湯のまち エリア,17.あわら湯のまち エリア,あわら市,あわら市・坂井市,,1泊,1泊,三国・あわらエリア（あわら市・坂井市）,福井県外には宿泊しない,小学生以下連れの家族,"テーマパーク（遊園地、動物園、博物館など）
",0,0,0,0,0,1,0,0,0,0,0,0,0,0,0,0,0,0,"新幹線
",1,0,1,0,0,0,0,"自家用車
",0,0,0,0,満足,,"50,000円以上 100,000円未満","50,000円以上 100,000円未満","5,000円以上 10,000円未満",2～5回目,"観光パンフレット・ポスター
インターネット・アプリ
",0,0,0,1,0,1,0,0,0,0,0,0,0,0,野外恐竜博物館,,選択なし/該当施設なし,"100,000円以上",満足,,満足,,感じた,,2,,,機会があれば行きたい,
198540,かつやま恐竜の森 エリア,男,1987,39,30代,奈良県,天理市,400万円以上 500万円未満,mobile/android,2026-03-28 14:52:55,3月,一乗谷朝倉氏遺跡 エリア,06.一乗谷朝倉氏遺跡 エリア,福井市,福井市・永平寺町,,2泊,2泊,三国・あわらエリア（あわら市・坂井市）,福井県外には宿泊しない,夫婦2人,"アウトドア（海水浴、釣り、登山など）
",0,0,0,0,0,0,0,0,0,1,0,0,0,0,0,0,0,0,"自家用車
",1,0,0,0,0,0,0,"自家用車
",0,0,0,0,,,"40,000円以上 50,000円未満","10,000円以上 20,000円未満","20,000円以上 30,000円未満",初めて,"新聞・雑誌・ガイドブック
",0,1,0,0,0,0,0,0,0,0,0,0,0,0,大本山永平寺,,選択なし/該当施設なし,"1,000円以上 3,000円未満",満足,,満足,,感じなかった,,8,,,機会があれば行きたい,
198553,大本山 永平寺 エリア,女,1961,65,60代,兵庫県,加古郡,800万円以上 900万円未満,mobile/iphone,2026-03-28 14:21:10,3月,丸岡城 エリア,13.丸岡城 エリア,坂井市,あわら市・坂井市,(一社)DMOさかい観光局,4泊以上,3泊,越前エリア（越前市・越前町・鯖江市・池田町・南越前町）,滋賀県,夫婦2人,"名所、旧跡の観光
",0,0,0,0,1,0,0,0,0,0,0,0,0,0,0,0,0,0,"自家用車
",1,0,0,0,0,0,0,"自家用車
",0,0,0,0,満足,,"5,000円以上 10,000円未満","5,000円以上 10,000円未満","10,000円以上 20,000円未満",初めて,"インターネット・アプリ
",0,0,0,0,0,1,0,0,0,0,0,0,0,0,道の駅「禅の里」,,道の駅「さかい」（坂井地域交流センター「いねす」）,"1,000円以上 3,000円未満",満足,,満足,,感じなかった,,6,,,また行きたい（1年以内）,
198540,かつやま恐竜の森 エリア,男,1987,39,30代,奈良県,天理市,400万円以上 500万円未満,mobile/android,2026-03-28 12:17:24,3月,大本山 永平寺 エリア,34.大本山 永平寺 エリア,永平寺町,福井市・永平寺町,,2泊,2泊,三国・あわらエリア（あわら市・坂井市）,福井県外には宿泊しない,夫婦2人,"アウトドア（海水浴、釣り、登山など）
",0,0,0,0,0,0,0,0,0,1,0,0,0,0,0,0,0,0,"自家用車
",1,0,0,0,0,0,0,"自家用車
",0,0,0,0,,,"40,000円以上 50,000円未満","10,000円以上 20,000円未満","20,000円以上 30,000円未満",初めて,"新聞・雑誌・ガイドブック
",0,1,0,0,0,0,0,0,0,0,0,0,0,0,野外恐竜博物館,,一乗谷朝倉氏遺跡,"3,000円以上 5,000円未満",満足,,満足,,感じなかった,,6,,,機会があれば行きたい,
198599,大本山 永平寺 エリア,男,1959,67,60代,東京都,板橋区,300万円以上 400万円未満,mobile/iphone,2026-03-28 09:48:29,3月,大本山 永平寺 エリア,34.大本山 永平寺 エリア,永平寺町,福井市・永平寺町,,日帰り,福井県内には宿泊しない,福井県内には宿泊しない,福井県外には宿泊しない,夫婦2人,"名所、旧跡の観光
",0,0,0,0,1,0,0,0,0,0,0,0,0,0,0,0,0,0,"自家用車
",1,0,0,0,0,0,0,"自家用車
",0,0,0,0,とても満足,近くに駐車場があり、参道もゆっくり歩けました,使わない,"10,000円以上 20,000円未満","10,000円以上 20,000円未満",2～5回目,"観光展・物産展
インターネット・アプリ
Facebook
",1,0,0,0,0,1,0,0,1,0,0,0,0,0,大本山永平寺,,東尋坊,"10,000円以上 20,000円未満",満足,そばと胡麻豆腐が最高においしく、楽しめた。,とても満足,,感じなかった,,8,,,また行きたい（1年以内）,
198598,道の駅「越前」 エリア,男,1960,66,60代,埼玉県,志木市,300万円以上 400万円未満,pc/others,2026-03-28 09:42:56,3月,道の駅「越前」 エリア,49.道の駅「越前」 エリア,越前町,丹南,一般社団法人 越前町観光連盟（DMO ECHIZEN）,2泊,2泊,嶺南エリア（敦賀市・美浜町・若狭町・小浜市・おおい町・高浜町）,福井県外には宿泊しない,夫婦2人,"宿でのんびり過ごす
温泉や露天風呂
地元の美味しいものを食べる
まちあるき、都市散策
",1,1,1,0,0,0,0,0,0,0,1,0,0,0,0,0,0,0,"レンタカー
飛行機
",0,1,0,0,1,0,0,"レンタカー
",0,0,0,0,とても満足,,"100,000円以上","30,000円以上 40,000円未満","100,000円以上",初めて,"新聞・雑誌・ガイドブック
インターネット・アプリ
",0,1,0,0,0,1,0,0,0,0,0,0,0,0,選択なし/該当施設なし,,選択なし/該当施設なし,"3,000円以上 5,000円未満",満足,,満足,,感じなかった,,7,,,また行きたい（1年以内）,
198596,大本山 永平寺 エリア,女,1981,45,40代,兵庫県,加東市,100万円未満,mobile/iphone,2026-03-28 09:40:16,3月,大本山 永平寺 エリア,34.大本山 永平寺 エリア,永平寺町,福井市・永平寺町,,2泊,1泊,福井エリア（福井市・永平寺町）,石川県加賀市,親,"温泉や露天風呂
地元の美味しいものを食べる
",0,1,1,0,0,0,0,0,0,0,0,0,0,0,0,0,0,0,"自家用車
",1,0,0,0,0,0,0,"自家用車
",0,0,0,0,,,"20,000円以上 30,000円未満","10,000円以上 20,000円未満","10,000円以上 20,000円未満",初めて,"宿泊施設
",0,0,0,0,0,0,0,0,0,0,0,0,0,1,日本海さかな街,,選択なし/該当施設なし,"20,000円以上 30,000円未満",とても満足,"自家用車で行きましたが、道路案内表示がわかりやすく、良かったです。
",とても満足,,感じなかった,,8,温泉が近く、福井駅近くの動く恐竜が面白いです。,,機会があれば行きたい,
198597,福井駅前 エリア,女,1982,44,40代,大阪府,大阪市阿倍野区,300万円以上 400万円未満,mobile/iphone,2026-03-28 09:39:11,3月,福井駅前 エリア,01.福井駅前 エリア,福井市,福井市・永平寺町,,日帰り,福井県内には宿泊しない,福井エリア（福井市・永平寺町）,福井県外には宿泊しない,自分ひとり,"テーマパーク（遊園地、動物園、博物館など）
お祭りやイベントへの参加・見物
",0,0,0,0,0,1,0,1,0,0,0,0,0,0,0,0,0,0,"新幹線
在来線
",0,0,1,1,0,0,0,"在来線
",0,0,0,0,どちらでもない,関西からなのでサンダーバードが繋がらなくなったのが不便すぎる,使わない,"10,000円以上 20,000円未満","3,000円以上 5,000円未満",初めて,"インターネット・アプリ
",0,0,0,0,0,1,0,0,0,0,0,0,0,0,選択なし/該当施設なし,,選択なし/該当施設なし,"1,000円以上 3,000円未満",満足,,満足,,感じなかった,,7,,,機会があれば行きたい,
198594,小浜 エリア（宿泊施設）,男,1994,32,30代,東京都,大田区,600万円以上 700万円未満,mobile/iphone,2026-03-28 09:28:24,3月,小浜 エリア（宿泊施設）,69.小浜 エリア（宿泊施設）,小浜市,嶺南西部,(株)まちづくり小浜,2泊,2泊,嶺南エリア（敦賀市・美浜町・若狭町・小浜市・おおい町・高浜町）,福井県外には宿泊しない,友人,"宿でのんびり過ごす
地元の美味しいものを食べる
",1,0,1,0,0,0,0,0,0,0,0,0,0,0,0,0,0,0,"新幹線
在来線
",0,0,1,1,0,0,0,"在来線
徒歩
",0,0,1,0,どちらでもない,,"30,000円以上 40,000円未満","30,000円以上 40,000円未満","20,000円以上 30,000円未満",初めて,"インターネット・アプリ
",0,0,0,0,0,1,0,0,0,0,0,0,0,0,東尋坊,,大本山永平寺,"5,000円以上 10,000円未満",とても満足,,とても満足,,感じなかった,,7,,,機会があれば行きたい,
198593,福井駅前 エリア,女,1960,66,60代,群馬県,安中市,300万円以上 400万円未満,mobile/android,2026-03-28 09:20:07,3月,福井駅前 エリア,01.福井駅前 エリア,福井市,福井市・永平寺町,,2泊,2泊,福井エリア（福井市・永平寺町）,福井県外には宿泊しない,自分ひとり,"温泉や露天風呂
その他スポーツ（ゴルフ、テニスなど）
友人・親戚を尋ねる
",0,1,0,0,0,0,0,0,0,0,0,0,0,1,0,1,0,0,"新幹線
",1,0,1,0,0,0,0,"自家用車
",0,0,0,0,とても満足,食事がどこにいっても美味しい。,"10,000円以上 20,000円未満","20,000円以上 30,000円未満","20,000円以上 30,000円未満",11回目以上,"観光パンフレット・ポスター
インターネット・アプリ
友人・知人
",0,0,0,1,0,1,0,0,0,0,1,0,0,0,福井県立恐竜博物館,,選択なし/該当施設なし,"10,000円以上 20,000円未満",満足,品揃えが豊富,とても満足,,感じた,営業時間がもう少し長いとよい,2,恐竜博物館、駅前施設,,また行きたい（1年以内）,
198585,福井駅前 エリア（宿泊施設）,男,1949,77,70代,東京都,練馬区,400万円以上 500万円未満,mobile/android,2026-03-28 09:02:48,3月,福井駅前 エリア,01.福井駅前 エリア,福井市,福井市・永平寺町,,3泊,1泊,福井エリア（福井市・永平寺町）,石川県金沢市,自分ひとり,"名所、旧跡の観光
",0,0,0,0,1,0,0,0,0,0,0,0,0,0,0,0,0,0,"新幹線
",0,0,1,0,0,0,0,"徒歩
",0,0,1,0,,,"5,000円以上 10,000円未満","20,000円以上 30,000円未満","3,000円以上 5,000円未満",2～5回目,"インターネット・アプリ
",0,0,0,0,0,1,0,0,0,0,0,0,0,0,丸岡城,,一乗谷朝倉氏遺跡,"5,000円以上 10,000円未満",満足,,満足,,感じなかった,,7,,,機会があれば行きたい,
198591,北潟湖 エリア,女,1960,66,60代,福井県,福井市,分からない/無回答,mobile/android,2026-03-28 09:00:14,3月,北潟湖 エリア,20.北潟湖 エリア,あわら市,あわら市・坂井市,,1泊,1泊,三国・あわらエリア（あわら市・坂井市）,福井県外には宿泊しない,小学生以下連れの家族,"温泉や露天風呂
",0,1,0,0,0,0,0,0,0,0,0,0,0,0,0,0,0,0,"県外から訪れていない（福井県在住）
",1,0,0,0,0,0,1,"自家用車
",0,0,0,0,,,"10,000円以上 20,000円未満","1,000円以上 3,000円未満","20,000円以上 30,000円未満",6～10回目,"新聞・雑誌・ガイドブック
TV・ラジオ番組やCM
宿泊施設
",0,1,1,0,0,0,0,0,0,0,0,0,0,1,選択なし/該当施設なし,,三国サンセットビーチ,"10,000円以上 20,000円未満",どちらでもない,"施設が古くて鍵がかからない（鍵穴が回らない）
フロント等のサービスは丁寧でとても満足しましたが、食事（夜、朝共に）関係の人は雑でびっくりしました。私語も荒くて残念でした。",どちらでもない,突然計画した「ノンビリするための」1泊だったので、食事もノンビリ静かに食べたかった。,感じた,近くにお店（コンビニなども）がなくて、買い忘れた物の購入が困難でした。,5,,素敵な湖畔なのに、車で走ってみる道の路肩などは残念。これでは景色が良いとは言えない。,福井県在住,
198539,かつやま恐竜の森 エリア,男,1968,58,50代,京都府,京都市南区,400万円以上 500万円未満,mobile/android,2026-03-28 08:59:22,3月,かつやま恐竜の森 エリア,25.かつやま恐竜の森 エリア,勝山市,勝山市・大野市,勝山市観光まちづくり(株),日帰り,福井県内には宿泊しない,福井県内には宿泊しない,福井県外には宿泊しない,中学生以上連れの家族,"テーマパーク（遊園地、動物園、博物館など）
",0,0,0,0,0,1,0,0,0,0,0,0,0,0,0,0,0,0,"自家用車
",1,0,0,0,0,0,0,"自家用車
",0,0,0,0,,,使わない,"3,000円以上 5,000円未満","20,000円以上 30,000円未満",初めて,"観光展・物産展
",1,0,0,0,0,0,0,0,0,0,0,0,0,0,越前大仏,,選択なし/該当施設なし,"5,000円以上 10,000円未満",満足,,満足,展示が見やすかった。,感じなかった,,3,小学生の子供がいる家庭,,機会があれば行きたい,温泉施設、足湯などあればよいと思った。
198585,福井駅前 エリア（宿泊施設）,男,1949,77,70代,東京都,練馬区,400万円以上 500万円未満,mobile/android,2026-03-28 08:23:39,3月,福井駅前 エリア（宿泊施設）,02.福井駅前 エリア（宿泊施設）,福井市,福井市・永平寺町,,3泊,1泊,福井エリア（福井市・永平寺町）,石川県金沢市,自分ひとり,"名所、旧跡の観光
",0,0,0,0,1,0,0,0,0,0,0,0,0,0,0,0,0,0,"新幹線
",0,0,1,0,0,0,0,"その他
",0,0,0,0,とても満足,やはり早い,"5,000円以上 10,000円未満","20,000円以上 30,000円未満","3,000円以上 5,000円未満",初めて,"インターネット・アプリ
",0,0,0,0,0,1,0,0,0,0,0,0,0,0,丸岡城,,一乗谷朝倉氏遺跡,"5,000円以上 10,000円未満",とても満足,朝食大満足。,とても満足,やはり朝食。,感じなかった,,10,新幹線ができて便利になった。,駅前に恐竜がいるのは面白かった。,機会があれば行きたい,福井県といえば、となる名物をたくさん作ってください。
198587,はたや記念館 ゆめおーれ勝山 エリア,女,1979,47,40代,福井県,勝山市,300万円以上 400万円未満,mobile/iphone,2026-03-28 08:02:03,3月,はたや記念館 ゆめおーれ勝山 エリア,30.はたや記念館 ゆめおーれ勝山 エリア,勝山市,勝山市・大野市,勝山市観光まちづくり(株),4泊以上,4泊以上,奥越前エリア（勝山市・大野市）,福井県外には宿泊しない,中学生以上連れの家族,"まちあるき、都市散策
",0,0,0,0,0,0,0,0,0,0,1,0,0,0,0,0,0,0,"県外から訪れていない（福井県在住）
",0,0,0,0,0,0,1,"路線バス
徒歩
",0,1,1,0,どちらでもない,,使わない,"1,000円未満","3,000円以上 5,000円未満",6～10回目,"観光パンフレット・ポスター
",0,0,0,1,0,0,0,0,0,0,0,0,0,0,選択なし/該当施設なし,,勝山城博物館,使わない,どちらでもない,,満足,,感じなかった,,5,,,福井県在住,
198581,web,女,1968,58,50代,東京都,荒川区,600万円以上 700万円未満,mobile/iphone,2026-03-28 07:56:51,3月,福井駅前 エリア（宿泊施設）,02.福井駅前 エリア（宿泊施設）,福井市,福井市・永平寺町,,2泊,1泊,福井エリア（福井市・永平寺町）,石川県金沢市,友人,"地元の美味しいものを食べる
名所、旧跡の観光
買い物、アウトレット
",0,0,1,0,1,0,1,0,0,0,0,0,0,0,0,0,0,0,"新幹線
",0,0,1,1,0,0,0,"在来線
",0,0,0,0,満足,,"10,000円以上 20,000円未満","20,000円以上 30,000円未満","20,000円以上 30,000円未満",初めて,"インターネット・アプリ
",0,0,0,0,0,1,0,0,0,0,0,0,0,0,東尋坊,,福井県立恐竜博物館,"10,000円以上 20,000円未満",とても満足,ホテルが良かった,満足,,感じなかった,,7,,駅前の和食屋は、人気店だった。事前の予約がないと入れなかった。予約してあったので、はいれました。,機会があれば行きたい,東尋坊では、バスの移動の際、色々な方面に向かう人達が、どこが先頭か分からず、並んでいて、乗る時にちょっと、言い争い？があったので、分かるように看板などあると良いと思いました。
198584,道の駅みくに ふれあいパーク三里浜 エリア,女,1976,50,50代,大阪府,東大阪市,分からない/無回答,mobile/android,2026-03-28 07:12:01,3月,道の駅みくに ふれあいパーク三里浜 エリア,15.道の駅みくに ふれあいパーク三里浜 エリア,坂井市,あわら市・坂井市,(一社)DMOさかい観光局,1泊,1泊,三国・あわらエリア（あわら市・坂井市）,福井県外には宿泊しない,中学生以上連れの家族,"地元の美味しいものを食べる
テーマパーク（遊園地、動物園、博物館など）
その他
",0,0,1,0,0,1,0,0,0,0,0,0,0,0,0,0,0,0,"自家用車
",1,0,0,0,0,0,0,"自家用車
",0,0,0,0,,,"10,000円以上 20,000円未満","3,000円以上 5,000円未満","10,000円以上 20,000円未満",初めて,"新聞・雑誌・ガイドブック
インターネット・アプリ
",0,1,0,0,0,1,0,0,0,0,0,0,0,0,福井県立恐竜博物館,,選択なし/該当施設なし,"5,000円以上 10,000円未満",満足,,とても満足,,感じなかった,,10,,,また行きたい（1年以内）,
198518,web,女,1978,48,40代,青森県,八戸市,800万円以上 900万円未満,mobile/android,2026-03-29 15:50:04,3月,丸岡城 エリア,13.丸岡城 エリア,坂井市,あわら市・坂井市,(一社)DMOさかい観光局,3泊,2泊,福井エリア（福井市・永平寺町）,石川県加賀市,小学生以下連れの家族,"テーマパーク（遊園地、動物園、博物館など）
",0,0,0,0,0,1,0,0,0,0,0,0,0,0,0,0,0,0,"新幹線
",0,1,1,0,0,0,0,"レンタカー
",0,0,0,0,,,"20,000円以上 30,000円未満","20,000円以上 30,000円未満","20,000円以上 30,000円未満",初めて,"インターネット・アプリ
",0,0,0,0,0,1,0,0,0,0,0,0,0,0,大本山永平寺,,東尋坊,"1,000円未満",とても満足,"桜がさいていたら本当にキレイだろうと思いました。

城の雰囲気も良かったです。

",とても満足,"入場券についている栞、いいですね。
記念になります。
手入れなど大変とは思いますがこのまま
残ってほしいです。",感じなかった,,9,"いいところだと思いました。
",,機会があれば行きたい,
198518,web,女,1978,48,40代,青森県,八戸市,800万円以上 900万円未満,mobile/android,2026-03-29 15:42:18,3月,福井駅前 エリア（宿泊施設）,02.福井駅前 エリア（宿泊施設）,福井市,福井市・永平寺町,,3泊,2泊,福井エリア（福井市・永平寺町）,石川県加賀市,小学生以下連れの家族,"テーマパーク（遊園地、動物園、博物館など）
",0,0,0,0,0,1,0,0,0,0,0,0,0,0,0,0,0,0,"新幹線
",0,1,1,0,0,0,0,"レンタカー
",0,0,0,0,,,"20,000円以上 30,000円未満","20,000円以上 30,000円未満","20,000円以上 30,000円未満",初めて,"インターネット・アプリ
",0,0,0,0,0,1,0,0,0,0,0,0,0,0,選択なし/該当施設なし,,東尋坊,"5,000円以上 10,000円未満",満足,,満足,"3人で一部屋で泊まりましたが広さも十分でした。
駅へのアクセスも良かったです。
",感じなかった,"駐車場をさがすのに少し手間取りました
。",9,歴史あるお寺や遺産などが多いから。,,機会があれば行きたい,"十分楽しめたので今のままでいいと思います。

インターネットを参考に情報を集めました。
るるぶなども買いました。
歴史が好きなので、遺跡や歴史あるところをまわりました。時代なので仕方ないとは思いますがエンターテイメントがメインになるのが多いのかなとは感じます。


"
198518,web,女,1978,48,40代,青森県,八戸市,800万円以上 900万円未満,mobile/android,2026-03-29 15:17:07,3月,一乗谷朝倉氏遺跡 エリア,06.一乗谷朝倉氏遺跡 エリア,福井市,福井市・永平寺町,,3泊,2泊,福井エリア（福井市・永平寺町）,石川県加賀市,小学生以下連れの家族,"テーマパーク（遊園地、動物園、博物館など）
",0,0,0,0,0,1,0,0,0,0,0,0,0,0,0,0,0,0,"新幹線
",0,1,1,0,0,0,0,"レンタカー
",0,0,0,0,,,"20,000円以上 30,000円未満","20,000円以上 30,000円未満","20,000円以上 30,000円未満",初めて,"インターネット・アプリ
",0,0,0,0,0,1,0,0,0,0,0,0,0,0,越前大野城,,選択なし/該当施設なし,"1,000円以上 3,000円未満",とても満足,,とても満足,,感じなかった,,9,文化遺産もたくさんあり、まわらきれないほどだったから。,,機会があれば行きたい,"美味しいものがたくさんあり楽しめました。
アンケートに答えようと思い、チラシが無いところでQRコードをコピーしましたが（時間がなかったので）、次の日、無効になってしまいました。残念。


"
198555,道の駅「若狭おばま」 エリア,女,1989,37,30代,愛知県,春日井市,300万円以上 400万円未満,mobile/iphone,2026-04-06 14:34:10,4月,小浜市まちの駅 エリア,72.小浜市まちの駅 エリア,小浜市,嶺南西部,(株)まちづくり小浜,1泊,1泊,嶺南エリア（敦賀市・美浜町・若狭町・小浜市・おおい町・高浜町）,福井県外には宿泊しない,小学生以下連れの家族,"宿でのんびり過ごす
温泉や露天風呂
地元の美味しいものを食べる
名所、旧跡の観光
まちあるき、都市散策
",1,1,1,0,1,0,0,0,0,0,1,0,0,0,0,0,0,通りかかって気になったので立ち寄りました。,"自家用車
",1,0,0,0,0,0,0,"自家用車
",0,0,0,0,,,"20,000円以上 30,000円未満","10,000円以上 20,000円未満","10,000円以上 20,000円未満",初めて,"その他
",0,0,0,0,0,0,0,0,0,0,0,0,0,0,選択なし/該当施設なし,若狭総合運動公園,選択なし/該当施設なし,"1,000円以上 3,000円未満",とても満足,,とても満足,偶然ポケモンのカイリューのマンホールを見つけました。カイリューが福井県のポケモンであることは知っていたしどこかにマンホールがあることも知っていましたがたまたま出会うことができて子どもたちも大喜びでした。,感じなかった,,10,海が近いので景色がとてもいいです。屋外でも屋根や椅子があり景色を楽しみながらゆったり過ごせることがとても魅力的だと思いました。,,また行きたい（1年以内）,せっかく福井県のポケモンがカイリューなので、オブジェがあって写真が撮れると嬉しいです。
